% This file was created with tikzplotlib v0.9.16.
\begin{tikzpicture}

\definecolor{color0}{rgb}{0.75,0.75,0}

\begin{axis}[
legend cell align={left},
legend style={fill opacity=0.8, draw opacity=1, text opacity=1, draw=white!80!black},
tick align=outside,
tick pos=left,
x grid style={white!69.0196078431373!black},
xlabel={Epoch},
xmin=-35, xmax=735,
xtick style={color=black},
y grid style={white!69.0196078431373!black},
ymin=-0.2285, ymax=1.0585,
ytick style={color=black}
]
\addplot [semithick, red]
table {%
0 1
100 0.98
200 0.98
300 0.98
400 0.98
500 0.98
600 0.98
700 0.98
800 0.979
900 0.979
1000 0.979
1100 0.98
1200 0.98
1300 0.98
1400 0.98
1500 0.98
1600 0.98
1700 0.98
1800 0.981
1900 0.981
2000 0.981
2100 0.982
2200 0.983
2300 0.983
2400 0.984
2500 0.979
2600 0.98
2700 0.981
2800 0.982
2900 0.982
3000 0.983
3100 0.977
3200 0.978
3300 0.98
3400 0.982
3500 0.973
3600 0.975
3700 0.977
3800 0.978
3900 0.981
4000 0.975
4100 0.974
4200 0.975
4300 0.977
4400 0.98
4500 0.977
4600 0.978
4700 0.979
4800 0.978
4900 0.979
5000 0.977
5100 0.979
5200 0.971
5300 0.973
5400 0.976
5500 0.978
5600 0.969
5700 0.972
5800 0.974
5900 0.976
6000 0.965
6100 0.964
6200 0.967
6300 0.961
6400 0.963
6500 0.962
6600 0.964
6700 0.949
6800 0.95
6900 0.949
7000 0.95
7100 0.943
7200 0.937
7300 0.932
7400 0.923
7500 0.921
7600 0.915
7700 0.905
7800 0.899
7900 0.895
8000 0.885
8100 0.874
8200 0.864
8300 0.852
8400 0.844
8500 0.83
8600 0.821
8700 0.806
8800 0.795
8900 0.783
9000 0.767
9100 0.742
9200 0.735
9300 0.718
9400 0.703
9500 0.692
9600 0.679
9700 0.666
9800 0.642
9900 0.635
10000 0.624
10100 0.61
10200 0.599
10300 0.589
10400 0.571
10500 0.566
10600 0.561
10700 0.552
10800 0.543
10900 0.54
11000 0.532
11100 0.531
11200 0.519
11300 0.523
11400 0.514
11500 0.514
11600 0.517
11700 0.507
11800 0.505
11900 0.509
12000 0.505
12100 0.505
12200 0.506
12300 0.501
12400 0.496
12500 0.497
12600 0.499
12700 0.492
12800 0.495
12900 0.49
13000 0.491
13100 0.496
13200 0.489
13300 0.488
13400 0.492
13500 0.488
13600 0.48
13700 0.484
13800 0.484
13900 0.483
14000 0.459
14100 0.479
14200 0.482
14300 0.484
14400 0.481
14500 0.472
14600 0.476
14700 0.473
14800 0.481
14900 0.48
15000 0.469
15100 0.476
15200 0.476
15300 0.477
15400 0.476
15500 0.475
15600 0.475
15700 0.477
15800 0.474
15900 0.473
16000 0.467
16100 0.473
16200 0.473
16300 0.468
16400 0.475
16500 0.474
16600 0.473
16700 0.47
16800 0.476
16900 0.469
17000 0.474
17100 0.472
17200 0.467
17300 0.47
17400 0.467
17500 0.471
17600 0.462
17700 0.472
17800 0.471
17900 0.468
18000 0.473
18100 0.47
18200 0.468
18300 0.471
18400 0.472
18500 0.463
18600 0.466
18700 0.471
18800 0.468
18900 0.473
19000 0.472
19100 0.472
19200 0.472
19300 0.471
19400 0.473
19500 0.469
19600 0.47
19700 0.466
19800 0.471
19900 0.468
20000 0.472
20100 0.47
20200 0.466
20300 0.471
20400 0.469
20500 0.472
20600 0.469
20700 0.468
20800 0.468
20900 0.469
21000 0.469
21100 0.471
21200 0.47
21300 0.471
21400 0.473
21500 0.474
21600 0.47
21700 0.473
21800 0.472
21900 0.469
22000 0.472
22100 0.472
22200 0.474
22300 0.469
22400 0.47
22500 0.472
22600 0.469
22700 0.473
22800 0.475
22900 0.472
23000 0.474
23100 0.404
23200 0.374
23300 0.375
23400 0.376
23500 0.379
23600 0.381
23700 0.384
23800 0.387
23900 0.39
24000 0.393
24100 0.396
24200 0.399
24300 0.403
24400 0.406
24500 0.407
24600 0.41
24700 0.413
24800 0.416
24900 0.419
25000 0.419
25100 0.422
25200 0.425
25300 0.428
25400 0.431
25500 0.429
25600 0.432
25700 0.435
25800 0.436
25900 0.438
26000 0.44
26100 0.437
26200 0.44
26300 0.443
26400 0.446
26500 0.447
26600 0.443
26700 0.446
26800 0.449
26900 0.451
27000 0.452
27100 0.453
27200 0.452
27300 0.455
27400 0.455
27500 0.455
27600 0.458
27700 0.458
27800 0.46
27900 0.461
28000 0.463
28100 0.46
28200 0.464
28300 0.466
28400 0.465
28500 0.466
28600 0.468
28700 0.467
28800 0.469
28900 0.469
29000 0.471
29100 0.471
29200 0.472
29300 0.473
29400 0.472
29500 0.474
29600 0.474
29700 0.475
29800 0.475
29900 0.475
30000 0.477
30100 0.473
30200 0.476
30300 0.477
30400 0.475
30500 0.476
30600 0.477
30700 0.477
30800 0.478
30900 0.478
31000 0.477
31100 0.477
31200 0.477
31300 0.477
31400 0.476
31500 0.476
31600 0.479
31700 0.477
31800 0.48
31900 0.476
32000 0.476
32100 0.478
32200 0.478
32300 0.479
32400 0.476
32500 0.477
32600 0.476
32700 0.478
32800 0.477
32900 0.479
33000 0.479
33100 0.477
33200 0.478
33300 0.476
33400 0.479
33500 0.478
33600 0.478
33700 0.477
33800 0.479
33900 0.477
34000 0.478
34100 0.478
34200 0.478
34300 0.478
34400 0.479
34500 0.474
34600 0.48
34700 0.48
34800 0.479
34900 0.478
35000 0.478
35100 0.474
35200 0.479
35300 0.481
35400 0.48
35500 0.481
35600 0.481
35700 0.482
35800 0.334
35900 0.35
36000 0.362
36100 0.372
36200 0.382
36300 0.39
36400 0.398
36500 0.404
36600 0.41
36700 0.416
36800 0.421
36900 0.425
37000 0.43
37100 0.433
37200 0.435
37300 0.438
37400 0.441
37500 0.442
37600 0.444
37700 0.446
37800 0.448
37900 0.451
38000 0.451
38100 0.451
38200 0.453
38300 0.456
38400 0.457
38500 0.459
38600 0.459
38700 0.46
38800 0.462
38900 0.462
39000 0.464
39100 0.462
39200 0.464
39300 0.464
39400 0.464
39500 0.462
39600 0.462
39700 0.464
39800 0.464
39900 0.465
40000 0.464
40100 0.464
40200 0.464
40300 0.462
40400 0.463
40500 0.461
40600 0.462
40700 0.462
40800 0.461
40900 0.463
41000 0.461
41100 0.462
41200 0.46
41300 0.459
41400 0.462
41500 0.463
41600 0.463
41700 0.46
41800 0.461
41900 0.462
42000 0.463
42100 0.46
42200 0.461
42300 0.463
42400 0.464
42500 0.464
42600 0.464
42700 0.464
42800 0.464
42900 0.464
43000 0.465
43100 0.465
43200 0.465
43300 0.466
43400 0.466
43500 0.468
43600 0.468
43700 0.469
43800 0.471
43900 0.472
44000 0.473
44100 0.475
44200 0.475
44300 0.476
44400 0.477
44500 0.476
44600 0.476
44700 0.477
44800 0.478
44900 0.479
45000 0.478
45100 0.48
45200 0.479
45300 0.48
45400 0.481
45500 0.477
45600 0.48
45700 0.481
45800 0.482
45900 0.481
46000 0.482
46100 0.479
46200 0.479
46300 0.482
46400 0.481
46500 0.482
46600 0.483
46700 0.479
46800 0.482
46900 0.481
47000 0.479
47100 0.484
47200 0.485
47300 0.483
47400 0.483
47500 0.483
47600 0.484
47700 0.473
47800 0.481
47900 0.48
48000 0.484
48100 0.485
48200 0.484
48300 0.484
48400 0.484
48500 0.479
48600 0.483
48700 0.484
48800 0.486
48900 0.486
49000 0.387
49100 0.386
49200 0.389
49300 0.392
49400 0.396
49500 0.399
49600 0.403
49700 0.408
49800 0.412
49900 0.416
50000 0.42
50100 0.423
50200 0.427
50300 0.43
50400 0.434
50500 0.436
50600 0.438
50700 0.44
50800 0.443
50900 0.445
51000 0.446
51100 0.448
51200 0.45
51300 0.452
51400 0.452
51500 0.452
51600 0.454
51700 0.456
51800 0.455
51900 0.457
52000 0.458
52100 0.458
52200 0.46
52300 0.461
52400 0.461
52500 0.462
52600 0.462
52700 0.464
52800 0.465
52900 0.465
53000 0.465
53100 0.466
53200 0.466
53300 0.467
53400 0.468
53500 0.469
53600 0.47
53700 0.47
53800 0.47
53900 0.472
54000 0.472
54100 0.472
54200 0.473
54300 0.474
54400 0.475
54500 0.474
54600 0.476
54700 0.475
54800 0.475
54900 0.476
55000 0.477
55100 0.477
55200 0.477
55300 0.476
55400 0.478
55500 0.478
55600 0.479
55700 0.479
55800 0.479
55900 0.48
56000 0.478
56100 0.479
56200 0.48
56300 0.481
56400 0.481
56500 0.481
56600 0.48
56700 0.481
56800 0.481
56900 0.481
57000 0.481
57100 0.482
57200 0.482
57300 0.482
57400 0.483
57500 0.482
57600 0.483
57700 0.483
57800 0.483
57900 0.484
58000 0.481
58100 0.479
58200 0.483
58300 0.485
58400 0.483
58500 0.482
58600 0.484
58700 0.486
58800 0.486
58900 0.482
59000 0.484
59100 0.486
59200 0.486
59300 0.479
59400 0.485
59500 0.486
59600 0.486
59700 0.484
59800 0.486
59900 0.482
60000 0.486
60100 0.487
60200 0.486
60300 0.486
60400 0.488
60500 0.487
60600 0.489
60700 0.488
60800 0.487
60900 0.488
61000 0.486
61100 0.489
61200 0.489
61300 0.365
61400 0.394
61500 0.42
61600 0.439
61700 0.453
61800 0.462
61900 0.468
62000 0.472
62100 0.475
62200 0.476
62300 0.477
62400 0.477
62500 0.478
62600 0.478
62700 0.478
62800 0.478
62900 0.477
63000 0.477
63100 0.478
63200 0.478
63300 0.478
63400 0.476
63500 0.477
63600 0.477
63700 0.477
63800 0.48
63900 0.477
64000 0.476
64100 0.477
64200 0.478
64300 0.48
64400 0.477
64500 0.478
64600 0.475
64700 0.478
64800 0.478
64900 0.476
65000 0.479
65100 0.477
65200 0.477
65300 0.479
65400 0.476
65500 0.48
65600 0.479
65700 0.481
65800 0.481
65900 0.48
66000 0.48
66100 0.48
66200 0.479
66300 0.48
66400 0.48
66500 0.481
66600 0.48
66700 0.481
66800 0.481
66900 0.48
67000 0.481
67100 0.481
67200 0.482
67300 0.478
67400 0.481
67500 0.481
67600 0.482
67700 0.481
67800 0.484
67900 0.481
68000 0.48
68100 0.482
68200 0.483
68300 0.482
68400 0.484
68500 0.483
68600 0.479
68700 0.483
68800 0.484
68900 0.484
69000 0.484
69100 0.484
69200 0.482
69300 0.484
69400 0.485
69500 0.484
69600 0.483
69700 0.484
69800 0.481
69900 0.485
70000 0.484
};
\addlegendentry{beta est}
\addplot [semithick, black]
table {%
0 1
100 0.989
200 0.989
300 0.988
400 0.988
500 0.988
600 0.988
700 0.988
800 0.987
900 0.987
1000 0.987
1100 0.986
1200 0.986
1300 0.986
1400 0.985
1500 0.984
1600 0.984
1700 0.983
1800 0.982
1900 0.981
2000 0.98
2100 0.98
2200 0.979
2300 0.978
2400 0.977
2500 0.971
2600 0.97
2700 0.969
2800 0.968
2900 0.966
3000 0.963
3100 0.956
3200 0.955
3300 0.953
3400 0.952
3500 0.941
3600 0.939
3700 0.937
3800 0.935
3900 0.933
4000 0.923
4100 0.92
4200 0.916
4300 0.914
4400 0.911
4500 0.906
4600 0.902
4700 0.897
4800 0.891
4900 0.886
5000 0.879
5100 0.875
5200 0.864
5300 0.859
5400 0.855
5500 0.85
5600 0.837
5700 0.832
5800 0.828
5900 0.821
6000 0.807
6100 0.799
6200 0.793
6300 0.782
6400 0.776
6500 0.768
6600 0.76
6700 0.742
6800 0.734
6900 0.725
7000 0.716
7100 0.703
7200 0.692
7300 0.68
7400 0.663
7500 0.651
7600 0.639
7700 0.625
7800 0.611
7900 0.597
8000 0.583
8100 0.566
8200 0.55
8300 0.533
8400 0.518
8500 0.501
8600 0.484
8700 0.467
8800 0.449
8900 0.43
9000 0.411
9100 0.39
9200 0.371
9300 0.352
9400 0.334
9500 0.316
9600 0.299
9700 0.282
9800 0.264
9900 0.247
10000 0.233
10100 0.22
10200 0.207
10300 0.194
10400 0.18
10500 0.169
10600 0.16
10700 0.151
10800 0.144
10900 0.139
11000 0.133
11100 0.127
11200 0.123
11300 0.119
11400 0.117
11500 0.113
11600 0.111
11700 0.109
11800 0.105
11900 0.104
12000 0.0998
12100 0.102
12200 0.101
12300 0.0991
12400 0.0972
12500 0.0959
12600 0.0949
12700 0.0881
12800 0.0902
12900 0.0884
13000 0.0902
13100 0.0899
13200 0.0811
13300 0.084
13400 0.086
13500 0.0816
13600 0.0793
13700 0.0796
13800 0.0785
13900 0.0787
14000 0.073
14100 0.0728
14200 0.0778
14300 0.0789
14400 0.077
14500 0.0704
14600 0.073
14700 0.0752
14800 0.0748
14900 0.0748
15000 0.0658
15100 0.0726
15200 0.0735
15300 0.0717
15400 0.0711
15500 0.0726
15600 0.0698
15700 0.0722
15800 0.0691
15900 0.0685
16000 0.062
16100 0.0702
16200 0.0712
16300 0.0701
16400 0.0681
16500 0.0662
16600 0.0685
16700 0.0661
16800 0.0688
16900 0.0645
17000 0.0681
17100 0.0668
17200 0.0611
17300 0.0671
17400 0.0635
17500 0.0656
17600 0.0617
17700 0.0659
17800 0.0654
17900 0.0673
18000 0.066
18100 0.0644
18200 0.0635
18300 0.0645
18400 0.0638
18500 0.0654
18600 0.0616
18700 0.0638
18800 0.0622
18900 0.0664
19000 0.0644
19100 0.0638
19200 0.0646
19300 0.0646
19400 0.0649
19500 0.0611
19600 0.0644
19700 0.0607
19800 0.063
19900 0.0596
20000 0.0636
20100 0.0613
20200 0.058
20300 0.0618
20400 0.0639
20500 0.0629
20600 0.0638
20700 0.0608
20800 0.062
20900 0.0612
21000 0.0607
21100 0.0638
21200 0.063
21300 0.0625
21400 0.064
21500 0.0649
21600 0.0611
21700 0.0635
21800 0.0642
21900 0.0621
22000 0.0635
22100 0.0645
22200 0.0655
22300 0.0612
22400 0.0641
22500 0.0644
22600 0.0624
22700 0.064
22800 0.0649
22900 0.0627
23000 0.0656
23100 0.0276
23200 0.0187
23300 0.0188
23400 0.019
23500 0.0193
23600 0.0195
23700 0.0197
23800 0.0199
23900 0.02
24000 0.0201
24100 0.0202
24200 0.0204
24300 0.0205
24400 0.0207
24500 0.0208
24600 0.021
24700 0.0212
24800 0.0215
24900 0.0219
25000 0.0223
25100 0.0226
25200 0.0231
25300 0.0236
25400 0.0243
25500 0.0256
25600 0.0263
25700 0.0269
25800 0.0275
25900 0.0283
26000 0.0292
26100 0.0306
26200 0.0311
26300 0.0318
26400 0.0328
26500 0.034
26600 0.0354
26700 0.0361
26800 0.0369
26900 0.0379
27000 0.0392
27100 0.0415
27200 0.0424
27300 0.0431
27400 0.0442
27500 0.0454
27600 0.046
27700 0.0474
27800 0.0496
27900 0.0505
28000 0.0507
28100 0.0528
28200 0.0526
28300 0.0539
28400 0.0557
28500 0.0566
28600 0.0582
28700 0.0599
28800 0.0602
28900 0.0614
29000 0.0612
29100 0.0624
29200 0.0633
29300 0.0637
29400 0.0638
29500 0.0647
29600 0.0652
29700 0.0659
29800 0.0667
29900 0.0677
30000 0.0678
30100 0.0656
30200 0.0674
30300 0.0683
30400 0.0672
30500 0.0675
30600 0.0693
30700 0.0685
30800 0.0685
30900 0.0692
31000 0.0693
31100 0.069
31200 0.0682
31300 0.0691
31400 0.069
31500 0.0676
31600 0.0692
31700 0.0679
31800 0.0707
31900 0.0677
32000 0.0678
32100 0.0693
32200 0.0684
32300 0.0694
32400 0.0696
32500 0.0689
32600 0.0698
32700 0.0688
32800 0.0666
32900 0.0692
33000 0.069
33100 0.067
33200 0.0676
33300 0.0684
33400 0.0688
33500 0.0694
33600 0.0685
33700 0.0689
33800 0.0683
33900 0.0662
34000 0.0676
34100 0.0684
34200 0.0682
34300 0.068
34400 0.0682
34500 0.064
34600 0.0679
34700 0.0692
34800 0.0685
34900 0.0679
35000 0.0667
35100 0.0654
35200 0.066
35300 0.0674
35400 0.0682
35500 0.069
35600 0.0685
35700 0.0677
35800 -0.0283
35900 -0.0351
36000 -0.0275
36100 -0.0206
36200 -0.0148
36300 -0.00983
36400 -0.0056
36500 -0.0019
36600 0.00142
36700 0.00451
36800 0.00743
36900 0.0102
37000 0.013
37100 0.016
37200 0.0165
37300 0.0192
37400 0.022
37500 0.0261
37600 0.0244
37700 0.0275
37800 0.0305
37900 0.0334
38000 0.0363
38100 0.0351
38200 0.0379
38300 0.0345
38400 0.0409
38500 0.0436
38600 0.0432
38700 0.045
38800 0.0433
38900 0.0466
39000 0.0488
39100 0.0481
39200 0.0494
39300 0.043
39400 0.05
39500 0.0482
39600 0.0504
39700 0.051
39800 0.0509
39900 0.0464
40000 0.0514
40100 0.051
40200 0.0517
40300 0.0497
40400 0.0516
40500 0.0509
40600 0.05
40700 0.0516
40800 0.0518
40900 0.0517
41000 0.0517
41100 0.0516
41200 0.0518
41300 0.0511
41400 0.0522
41500 0.053
41600 0.0489
41700 0.0513
41800 0.0529
41900 0.0534
42000 0.0538
42100 0.054
42200 0.053
42300 0.0539
42400 0.054
42500 0.0551
42600 0.0543
42700 0.0548
42800 0.0555
42900 0.0552
43000 0.0572
43100 0.0552
43200 0.0561
43300 0.0562
43400 0.0569
43500 0.058
43600 0.0593
43700 0.0608
43800 0.0629
43900 0.0641
44000 0.0643
44100 0.0669
44200 0.0669
44300 0.0673
44400 0.0691
44500 0.0691
44600 0.0679
44700 0.0696
44800 0.0693
44900 0.0709
45000 0.0703
45100 0.069
45200 0.0698
45300 0.0697
45400 0.0709
45500 0.0684
45600 0.0706
45700 0.0705
45800 0.0711
45900 0.07
46000 0.0708
46100 0.0688
46200 0.0691
46300 0.071
46400 0.0721
46500 0.0706
46600 0.0717
46700 0.0687
46800 0.0709
46900 0.071
47000 0.0689
47100 0.0701
47200 0.0717
47300 0.0708
47400 0.0702
47500 0.0708
47600 0.071
47700 0.0634
47800 0.0684
47900 0.0705
48000 0.0707
48100 0.0711
48200 0.0709
48300 0.0698
48400 0.0697
48500 0.0649
48600 0.0696
48700 0.0692
48800 0.0702
48900 0.0694
49000 0.0156
49100 0.0162
49200 0.0167
49300 0.0171
49400 0.0176
49500 0.0182
49600 0.0191
49700 0.0202
49800 0.0216
49900 0.0231
50000 0.0247
50100 0.0264
50200 0.0281
50300 0.0299
50400 0.0316
50500 0.0333
50600 0.0361
50700 0.0376
50800 0.0391
50900 0.0403
51000 0.0432
51100 0.0444
51200 0.0454
51300 0.0463
51400 0.0489
51500 0.0504
51600 0.0512
51700 0.0516
51800 0.0511
51900 0.0514
52000 0.0536
52100 0.0551
52200 0.0554
52300 0.0557
52400 0.0557
52500 0.057
52600 0.0586
52700 0.0586
52800 0.0604
52900 0.0616
53000 0.0609
53100 0.0602
53200 0.0635
53300 0.0638
53400 0.0644
53500 0.0674
53600 0.0664
53700 0.0652
53800 0.0686
53900 0.0675
54000 0.0697
54100 0.069
54200 0.0708
54300 0.0698
54400 0.0699
54500 0.0705
54600 0.0703
54700 0.0703
54800 0.0703
54900 0.0702
55000 0.0724
55100 0.0726
55200 0.0713
55300 0.0698
55400 0.0715
55500 0.0721
55600 0.0721
55700 0.0724
55800 0.0722
55900 0.0718
56000 0.0704
56100 0.0724
56200 0.0734
56300 0.0751
56400 0.0735
56500 0.0731
56600 0.0713
56700 0.0726
56800 0.0743
56900 0.074
57000 0.0728
57100 0.0735
57200 0.0727
57300 0.0736
57400 0.0742
57500 0.0744
57600 0.0747
57700 0.0723
57800 0.0741
57900 0.0739
58000 0.0712
58100 0.0725
58200 0.0735
58300 0.0743
58400 0.0741
58500 0.0759
58600 0.0739
58700 0.0762
58800 0.0744
58900 0.0721
59000 0.074
59100 0.074
59200 0.0742
59300 0.0708
59400 0.0736
59500 0.0737
59600 0.0741
59700 0.0721
59800 0.0741
59900 0.0711
60000 0.0734
60100 0.0736
60200 0.0727
60300 0.0727
60400 0.0744
60500 0.0732
60600 0.0741
60700 0.0732
60800 0.0724
60900 0.0728
61000 0.0721
61100 0.0725
61200 0.0733
61300 0.0175
61400 0.00785
61500 0.0182
61600 0.0287
61700 0.0367
61800 0.0427
61900 0.0471
62000 0.0503
62100 0.0525
62200 0.054
62300 0.0549
62400 0.0548
62500 0.0555
62600 0.0562
62700 0.0564
62800 0.0564
62900 0.0558
63000 0.0572
63100 0.0575
63200 0.0575
63300 0.0574
63400 0.057
63500 0.0582
63600 0.0586
63700 0.0587
63800 0.0577
63900 0.0575
64000 0.0598
64100 0.0605
64200 0.0607
64300 0.0614
64400 0.0614
64500 0.0621
64600 0.0611
64700 0.0621
64800 0.0632
64900 0.0647
65000 0.066
65100 0.0643
65200 0.0665
65300 0.067
65400 0.0683
65500 0.0702
65600 0.0691
65700 0.0702
65800 0.0712
65900 0.0702
66000 0.0701
66100 0.0719
66200 0.0719
66300 0.0729
66400 0.0725
66500 0.0734
66600 0.0729
66700 0.0734
66800 0.076
66900 0.0732
67000 0.0724
67100 0.0729
67200 0.0763
67300 0.0764
67400 0.0763
67500 0.0747
67600 0.0746
67700 0.0762
67800 0.0763
67900 0.0762
68000 0.0728
68100 0.0762
68200 0.0776
68300 0.0755
68400 0.0771
68500 0.0772
68600 0.0732
68700 0.0763
68800 0.0786
68900 0.0771
69000 0.0772
69100 0.0779
69200 0.077
69300 0.0775
69400 0.0775
69500 0.0787
69600 0.0764
69700 0.0785
69800 0.0762
69900 0.0784
70000 0.078
};
\addlegendentry{phi1 est}
\addplot [semithick, blue]
table {%
0 1
100 0.982
200 0.981
300 0.981
400 0.981
500 0.981
600 0.981
700 0.981
800 0.981
900 0.981
1000 0.981
1100 0.981
1200 0.981
1300 0.981
1400 0.981
1500 0.967
1600 0.967
1700 0.967
1800 0.967
1900 0.949
2000 0.949
2100 0.949
2200 0.949
2300 0.927
2400 0.926
2500 0.927
2600 0.927
2700 0.927
2800 0.927
2900 0.887
3000 0.887
3100 0.888
3200 0.888
3300 0.888
3400 0.888
3500 0.888
3600 0.878
3700 0.875
3800 0.876
3900 0.876
4000 0.864
4100 0.858
4200 0.853
4300 0.853
4400 0.846
4500 0.836
4600 0.836
4700 0.827
4800 0.828
4900 0.824
5000 0.823
5100 0.821
5200 0.819
5300 0.812
5400 0.81
5500 0.802
5600 0.801
5700 0.792
5800 0.776
5900 0.772
6000 0.77
6100 0.771
6200 0.773
6300 0.765
6400 0.766
6500 0.75
6600 0.751
6700 0.746
6800 0.743
6900 0.728
7000 0.73
7100 0.729
7200 0.721
7300 0.722
7400 0.701
7500 0.702
7600 0.7
7700 0.699
7800 0.698
7900 0.682
8000 0.681
8100 0.664
8200 0.665
8300 0.663
8400 0.654
8500 0.654
8600 0.648
8700 0.634
8800 0.617
8900 0.617
9000 0.618
9100 0.587
9200 0.587
9300 0.585
9400 0.579
9500 0.578
9600 0.568
9700 0.563
9800 0.54
9900 0.539
10000 0.533
10100 0.509
10200 0.506
10300 0.504
10400 0.502
10500 0.486
10600 0.479
10700 0.469
10800 0.456
10900 0.441
11000 0.428
11100 0.417
11200 0.399
11300 0.39
11400 0.386
11500 0.37
11600 0.357
11700 0.351
11800 0.334
11900 0.327
12000 0.325
12100 0.315
12200 0.298
12300 0.282
12400 0.278
12500 0.254
12600 0.25
12700 0.244
12800 0.238
12900 0.23
13000 0.223
13100 0.219
13200 0.185
13300 0.185
13400 0.186
13500 0.186
13600 0.179
13700 0.181
13800 0.181
13900 0.175
14000 0.162
14100 0.161
14200 0.164
14300 0.159
14400 0.16
14500 0.155
14600 0.138
14700 0.125
14800 0.128
14900 0.131
15000 0.136
15100 0.133
15200 0.127
15300 0.128
15400 0.133
15500 0.123
15600 0.118
15700 0.12
15800 0.106
15900 0.112
16000 0.117
16100 0.117
16200 0.116
16300 0.107
16400 0.0968
16500 0.0943
16600 0.105
16700 0.103
16800 0.0973
16900 0.0998
17000 0.0956
17100 0.101
17200 0.0675
17300 0.085
17400 0.0931
17500 0.0939
17600 0.0857
17700 0.0888
17800 0.081
17900 0.0837
18000 0.0867
18100 0.0864
18200 0.0761
18300 0.0835
18400 0.0673
18500 0.0765
18600 0.0742
18700 0.0779
18800 0.0777
18900 0.076
19000 0.0607
19100 0.0715
19200 0.0754
19300 0.0732
19400 0.0759
19500 0.0621
19600 0.0711
19700 0.0581
19800 0.0644
19900 0.0613
20000 0.0622
20100 0.0612
20200 0.0582
20300 0.0613
20400 0.0629
20500 0.0605
20600 0.0605
20700 0.0496
20800 0.0591
20900 0.0586
21000 0.0538
21100 0.0651
21200 0.0623
21300 0.0645
21400 0.0597
21500 0.0664
21600 0.0604
21700 0.0609
21800 0.0615
21900 0.0603
22000 0.0631
22100 0.0556
22200 0.0599
22300 0.0579
22400 0.048
22500 0.0588
22600 0.0606
22700 0.0643
22800 0.0671
22900 0.0581
23000 0.069
23100 -0.00577
23200 -0.033
23300 -0.0357
23400 -0.038
23500 -0.0397
23600 -0.0408
23700 -0.0416
23800 -0.042
23900 -0.0422
24000 -0.0422
24100 -0.0421
24200 -0.0418
24300 -0.0415
24400 -0.041
24500 -0.0406
24600 -0.0406
24700 -0.0401
24800 -0.0394
24900 -0.0385
25000 -0.0388
25100 -0.0385
25200 -0.0377
25300 -0.0366
25400 -0.0353
25500 -0.0356
25600 -0.035
25700 -0.0336
25800 -0.0321
25900 -0.0298
26000 -0.0272
26100 -0.0269
26200 -0.025
26300 -0.0227
26400 -0.0202
26500 -0.0166
26600 -0.016
26700 -0.0131
26800 -0.0102
26900 -0.00667
27000 -0.00262
27100 -0.00434
27200 -0.00288
27300 0.00124
27400 0.00535
27500 0.0058
27600 0.0105
27700 0.0153
27800 0.0123
27900 0.0169
28000 0.0237
28100 0.022
28200 0.0291
28300 0.0355
28400 0.0388
28500 0.044
28600 0.0435
28700 0.0492
28800 0.0527
28900 0.0561
29000 0.059
29100 0.0627
29200 0.0663
29300 0.0678
29400 0.0673
29500 0.0689
29600 0.0715
29700 0.0761
29800 0.0758
29900 0.0756
30000 0.0774
30100 0.0787
30200 0.0733
30300 0.0793
30400 0.0721
30500 0.0791
30600 0.0793
30700 0.0834
30800 0.0835
30900 0.0804
31000 0.0822
31100 0.0801
31200 0.0822
31300 0.0831
31400 0.0768
31500 0.0821
31600 0.0862
31700 0.0817
31800 0.0803
31900 0.0843
32000 0.0782
32100 0.0852
32200 0.0883
32300 0.0836
32400 0.0768
32500 0.0807
32600 0.0809
32700 0.0775
32800 0.0813
32900 0.0787
33000 0.0816
33100 0.0828
33200 0.082
33300 0.0768
33400 0.0806
33500 0.0754
33600 0.0799
33700 0.0826
33800 0.0767
33900 0.0742
34000 0.0733
34100 0.0804
34200 0.081
34300 0.0767
34400 0.0703
34500 0.0768
34600 0.0793
34700 0.0779
34800 0.0783
34900 0.0699
35000 0.068
35100 0.0712
35200 0.0712
35300 0.0785
35400 0.0767
35500 0.0755
35600 0.0792
35700 0.0762
35800 -0.0183
35900 -0.0206
36000 -0.0243
36100 -0.0278
36200 -0.031
36300 -0.0337
36400 -0.0359
36500 -0.0376
36600 -0.0387
36700 -0.0392
36800 -0.0392
36900 -0.0385
37000 -0.0371
37100 -0.0349
37200 -0.0318
37300 -0.0289
37400 -0.0255
37500 -0.021
37600 -0.0165
37700 -0.0127
37800 -0.00892
37900 -0.00529
38000 -0.000713
38100 0.00381
38200 0.00626
38300 0.00789
38400 0.0106
38500 0.0118
38600 0.0136
38700 0.0148
38800 0.0137
38900 0.0173
39000 0.0171
39100 0.019
39200 0.0172
39300 0.0148
39400 0.0162
39500 0.0171
39600 0.0146
39700 0.0107
39800 0.0109
39900 0.00982
40000 0.0116
40100 0.0096
40200 0.00832
40300 0.00929
40400 0.00812
40500 0.0061
40600 0.00445
40700 0.00482
40800 0.00282
40900 0.000154
41000 0.00329
41100 0.00122
41200 0.00242
41300 -0.000332
41400 -0.00352
41500 -0.00262
41600 -0.00139
41700 -0.00207
41800 -0.00553
41900 -0.00677
42000 -0.0041
42100 -0.000233
42200 -0.00626
42300 -0.00678
42400 -0.00645
42500 -0.0062
42600 -0.00769
42700 -0.00694
42800 -0.00599
42900 -0.00552
43000 -0.00409
43100 -0.00324
43200 -0.00475
43300 -0.00191
43400 0.00325
43500 0.00289
43600 0.0124
43700 0.0215
43800 0.0368
43900 0.046
44000 0.0523
44100 0.0644
44200 0.0699
44300 0.0702
44400 0.0776
44500 0.0815
44600 0.0736
44700 0.0836
44800 0.0886
44900 0.0866
45000 0.0839
45100 0.0923
45200 0.0895
45300 0.0857
45400 0.0931
45500 0.079
45600 0.0903
45700 0.0951
45800 0.0905
45900 0.0933
46000 0.092
46100 0.0814
46200 0.0909
46300 0.0925
46400 0.097
46500 0.0936
46600 0.0955
46700 0.0683
46800 0.0883
46900 0.096
47000 0.0894
47100 0.0946
47200 0.0963
47300 0.0964
47400 0.0912
47500 0.093
47600 0.0955
47700 0.0569
47800 0.0762
47900 0.0896
48000 0.0942
48100 0.0957
48200 0.0961
48300 0.0871
48400 0.0899
48500 0.0736
48600 0.0882
48700 0.0935
48800 0.0944
48900 0.0951
49000 -0.0229
49100 -0.026
49200 -0.0269
49300 -0.0269
49400 -0.0265
49500 -0.0259
49600 -0.0254
49700 -0.0249
49800 -0.0245
49900 -0.0241
50000 -0.0235
50100 -0.0229
50200 -0.0222
50300 -0.0215
50400 -0.0208
50500 -0.0204
50600 -0.0185
50700 -0.0164
50800 -0.0157
50900 -0.0156
51000 -0.0139
51100 -0.0111
51200 -0.0109
51300 -0.0115
51400 -0.0107
51500 -0.00335
51600 -0.00275
51700 -0.00387
51800 -0.0042
51900 -0.00476
52000 -0.00306
52100 0.00444
52200 0.00374
52300 0.00352
52400 0.000826
52500 0.00284
52600 0.0107
52700 0.0127
52800 0.012
52900 0.0209
53000 0.0199
53100 0.0205
53200 0.033
53300 0.0365
53400 0.036
53500 0.0456
53600 0.051
53700 0.0526
53800 0.0559
53900 0.0598
54000 0.0698
54100 0.0715
54200 0.0741
54300 0.0709
54400 0.0762
54500 0.0814
54600 0.0799
54700 0.0784
54800 0.0766
54900 0.0828
55000 0.0869
55100 0.0835
55200 0.0846
55300 0.0785
55400 0.0864
55500 0.0895
55600 0.0878
55700 0.0883
55800 0.0895
55900 0.0884
56000 0.0714
56100 0.0865
56200 0.092
56300 0.0946
56400 0.0932
56500 0.0951
56600 0.086
56700 0.0946
56800 0.0771
56900 0.09
57000 0.0936
57100 0.0958
57200 0.0871
57300 0.0927
57400 0.0942
57500 0.0946
57600 0.0953
57700 0.0827
57800 0.0957
57900 0.1
58000 0.0796
58100 0.0893
58200 0.09
58300 0.0981
58400 0.0967
58500 0.0927
58600 0.0985
58700 0.102
58800 0.0964
58900 0.0811
59000 0.0963
59100 0.0951
59200 0.0971
59300 0.0804
59400 0.0903
59500 0.0966
59600 0.0953
59700 0.0911
59800 0.0864
59900 0.0853
60000 0.0919
60100 0.0953
60200 0.0918
60300 0.0874
60400 0.0929
60500 0.0957
60600 0.0953
60700 0.0935
60800 0.0925
60900 0.092
61000 0.0891
61100 0.094
61200 0.0926
61300 -0.0152
61400 -0.0186
61500 -0.022
61600 -0.0229
61700 -0.0215
61800 -0.0185
61900 -0.0147
62000 -0.0108
62100 -0.00711
62200 -0.00398
62300 -0.00144
62400 0.000565
62500 0.00204
62600 0.00361
62700 0.00497
62800 0.00607
62900 0.00735
63000 0.00897
63100 0.0102
63200 0.0111
63300 0.0117
63400 0.0137
63500 0.0158
63600 0.0168
63700 0.0173
63800 0.0176
63900 0.0213
64000 0.0248
64100 0.0259
64200 0.0266
64300 0.0285
64400 0.0325
64500 0.0342
64600 0.0369
64700 0.0395
64800 0.0435
64900 0.05
65000 0.054
65100 0.056
65200 0.0612
65300 0.0647
65400 0.0695
65500 0.0738
65600 0.0746
65700 0.082
65800 0.0855
65900 0.0855
66000 0.0862
66100 0.086
66200 0.0903
66300 0.0928
66400 0.0937
66500 0.0961
66600 0.0979
66700 0.0996
66800 0.0999
66900 0.102
67000 0.103
67100 0.101
67200 0.105
67300 0.106
67400 0.106
67500 0.108
67600 0.111
67700 0.111
67800 0.108
67900 0.112
68000 0.113
68100 0.115
68200 0.117
68300 0.116
68400 0.118
68500 0.119
68600 0.109
68700 0.116
68800 0.121
68900 0.123
69000 0.121
69100 0.123
69200 0.123
69300 0.124
69400 0.122
69500 0.12
69600 0.122
69700 0.121
69800 0.118
69900 0.12
70000 0.123
};
\addlegendentry{phi2 est}
\addplot [semithick, color0]
table {%
0 1
100 0.986
200 0.986
300 0.986
400 0.986
500 0.986
600 0.986
700 0.986
800 0.986
900 0.986
1000 0.986
1100 0.986
1200 0.986
1300 0.986
1400 0.986
1500 0.986
1600 0.986
1700 0.986
1800 0.986
1900 0.985
2000 0.985
2100 0.985
2200 0.985
2300 0.985
2400 0.985
2500 0.984
2600 0.984
2700 0.984
2800 0.984
2900 0.983
3000 0.983
3100 0.982
3200 0.982
3300 0.982
3400 0.982
3500 0.981
3600 0.981
3700 0.981
3800 0.981
3900 0.981
4000 0.98
4100 0.978
4200 0.977
4300 0.977
4400 0.977
4500 0.976
4600 0.976
4700 0.974
4800 0.973
4900 0.972
5000 0.971
5100 0.971
5200 0.97
5300 0.968
5400 0.968
5500 0.966
5600 0.965
5700 0.964
5800 0.963
5900 0.96
6000 0.959
6100 0.958
6200 0.958
6300 0.957
6400 0.957
6500 0.951
6600 0.951
6700 0.95
6800 0.95
6900 0.945
7000 0.945
7100 0.944
7200 0.941
7300 0.939
7400 0.939
7500 0.938
7600 0.936
7700 0.932
7800 0.93
7900 0.929
8000 0.926
8100 0.924
8200 0.921
8300 0.919
8400 0.916
8500 0.912
8600 0.911
8700 0.907
8800 0.903
8900 0.901
9000 0.899
9100 0.889
9200 0.888
9300 0.888
9400 0.881
9500 0.881
9600 0.876
9700 0.876
9800 0.861
9900 0.861
10000 0.861
10100 0.85
10200 0.849
10300 0.846
10400 0.843
10500 0.837
10600 0.834
10700 0.83
10800 0.822
10900 0.817
11000 0.812
11100 0.806
11200 0.797
11300 0.796
11400 0.792
11500 0.783
11600 0.776
11700 0.771
11800 0.762
11900 0.76
12000 0.748
12100 0.744
12200 0.743
12300 0.732
12400 0.728
12500 0.707
12600 0.706
12700 0.7
12800 0.698
12900 0.69
13000 0.683
13100 0.681
13200 0.658
13300 0.653
13400 0.65
13500 0.643
13600 0.64
13700 0.633
13800 0.625
13900 0.619
14000 0.591
14100 0.582
14200 0.582
14300 0.579
14400 0.575
14500 0.563
14600 0.559
14700 0.533
14800 0.528
14900 0.527
15000 0.52
15100 0.511
15200 0.507
15300 0.501
15400 0.49
15500 0.48
15600 0.475
15700 0.473
15800 0.456
15900 0.448
16000 0.42
16100 0.418
16200 0.417
16300 0.404
16400 0.39
16500 0.385
16600 0.375
16700 0.371
16800 0.365
16900 0.358
17000 0.353
17100 0.34
17200 0.326
17300 0.321
17400 0.31
17500 0.304
17600 0.28
17700 0.277
17800 0.271
17900 0.259
18000 0.256
18100 0.253
18200 0.238
18300 0.236
18400 0.221
18500 0.211
18600 0.204
18700 0.202
18800 0.194
18900 0.185
19000 0.174
19100 0.166
19200 0.162
19300 0.158
19400 0.153
19500 0.14
19600 0.137
19700 0.116
19800 0.114
19900 0.112
20000 0.105
20100 0.104
20200 0.0875
20300 0.0902
20400 0.0871
20500 0.0833
20600 0.0743
20700 0.071
20800 0.0642
20900 0.0624
21000 0.0594
21100 0.0543
21200 0.0566
21300 0.0588
21400 0.0592
21500 0.0582
21600 0.0438
21700 0.049
21800 0.0516
21900 0.0451
22000 0.0502
22100 0.0454
22200 0.042
22300 0.0468
22400 0.0364
22500 0.0361
22600 0.0287
22700 0.0423
22800 0.0457
22900 0.04
23000 0.0415
23100 -0.0298
23200 -0.0573
23300 -0.0581
23400 -0.0591
23500 -0.0604
23600 -0.0618
23700 -0.0632
23800 -0.0646
23900 -0.0657
24000 -0.0668
24100 -0.0676
24200 -0.0683
24300 -0.0688
24400 -0.0693
24500 -0.0693
24600 -0.0684
24700 -0.068
24800 -0.0677
24900 -0.0675
25000 -0.066
25100 -0.0649
25200 -0.0643
25300 -0.0638
25400 -0.0635
25500 -0.0621
25600 -0.0612
25700 -0.0607
25800 -0.0602
25900 -0.0601
26000 -0.0601
26100 -0.0591
26200 -0.0591
26300 -0.0592
26400 -0.0593
26500 -0.0594
26600 -0.0583
26700 -0.0584
26800 -0.0584
26900 -0.0578
27000 -0.0567
27100 -0.0559
27200 -0.0546
27300 -0.0538
27400 -0.0522
27500 -0.0501
27600 -0.0485
27700 -0.045
27800 -0.0425
27900 -0.0409
28000 -0.0381
28100 -0.035
28200 -0.0325
28300 -0.0294
28400 -0.0259
28500 -0.0224
28600 -0.0201
28700 -0.0194
28800 -0.0176
28900 -0.0157
29000 -0.0141
29100 -0.0137
29200 -0.013
29300 -0.0135
29400 -0.0149
29500 -0.0143
29600 -0.0137
29700 -0.0136
29800 -0.0142
29900 -0.0169
30000 -0.0179
30100 -0.0161
30200 -0.0174
30300 -0.0173
30400 -0.0201
30500 -0.0199
30600 -0.0183
30700 -0.0187
30800 -0.0201
30900 -0.0232
31000 -0.021
31100 -0.0211
31200 -0.0209
31300 -0.0206
31400 -0.0231
31500 -0.0203
31600 -0.0204
31700 -0.0215
31800 -0.0266
31900 -0.0204
32000 -0.0242
32100 -0.0198
32200 -0.0211
32300 -0.0225
32400 -0.0209
32500 -0.0229
32600 -0.0209
32700 -0.0192
32800 -0.0205
32900 -0.0253
33000 -0.0214
33100 -0.0171
33200 -0.0199
33300 -0.0252
33400 -0.0183
33500 -0.0158
33600 -0.0169
33700 -0.016
33800 -0.0173
33900 -0.0192
34000 -0.02
34100 -0.015
34200 -0.0187
34300 -0.0122
34400 -0.0178
34500 -0.0109
34600 -0.00883
34700 -0.0107
34800 -0.0112
34900 -0.00519
35000 -0.0107
35100 -0.0102
35200 -0.0151
35300 -0.00757
35400 -0.0106
35500 -0.00933
35600 -0.00702
35700 -0.00509
35800 -0.0548
35900 -0.0785
36000 -0.0915
36100 -0.0994
36200 -0.105
36300 -0.108
36400 -0.111
36500 -0.114
36600 -0.116
36700 -0.118
36800 -0.119
36900 -0.121
37000 -0.122
37100 -0.122
37200 -0.123
37300 -0.126
37400 -0.129
37500 -0.125
37600 -0.128
37700 -0.132
37800 -0.136
37900 -0.14
38000 -0.135
38100 -0.139
38200 -0.146
38300 -0.147
38400 -0.151
38500 -0.156
38600 -0.153
38700 -0.158
38800 -0.163
38900 -0.164
39000 -0.168
39100 -0.163
39200 -0.17
39300 -0.15
39400 -0.152
39500 -0.107
39600 -0.122
39700 -0.135
39800 -0.136
39900 -0.14
40000 -0.148
40100 -0.106
40200 -0.112
40300 -0.122
40400 -0.135
40500 -0.128
40600 -0.135
40700 -0.139
40800 -0.107
40900 -0.125
41000 -0.115
41100 -0.126
41200 -0.131
41300 -0.134
41400 -0.102
41500 -0.118
41600 -0.121
41700 -0.117
41800 -0.114
41900 -0.104
42000 -0.111
42100 -0.113
42200 -0.0804
42300 -0.0994
42400 -0.109
42500 -0.107
42600 -0.0922
42700 -0.093
42800 -0.0925
42900 -0.0926
43000 -0.0832
43100 -0.0823
43200 -0.0729
43300 -0.065
43400 -0.0488
43500 -0.0318
43600 -0.0038
43700 0.0189
43800 0.0486
43900 0.0533
44000 0.0795
44100 0.0864
44200 0.0834
44300 0.0614
44400 0.0822
44500 0.0985
44600 0.104
44700 0.0995
44800 0.0973
44900 0.105
45000 0.0996
45100 0.113
45200 0.102
45300 0.121
45400 0.115
45500 0.118
45600 0.129
45700 0.106
45800 0.116
45900 0.122
46000 0.127
46100 0.105
46200 0.126
46300 0.102
46400 0.102
46500 0.128
46600 0.14
46700 0.113
46800 0.129
46900 0.101
47000 0.113
47100 0.107
47200 0.123
47300 0.121
47400 0.105
47500 0.124
47600 0.123
47700 0.0509
47800 0.0834
47900 0.0909
48000 0.101
48100 0.112
48200 0.109
48300 0.117
48400 0.127
48500 0.103
48600 0.12
48700 0.126
48800 0.125
48900 0.114
49000 -0.0138
49100 -0.0178
49200 -0.0186
49300 -0.0193
49400 -0.0201
49500 -0.0211
49600 -0.0222
49700 -0.0236
49800 -0.0253
49900 -0.0275
50000 -0.0302
50100 -0.0333
50200 -0.0368
50300 -0.0408
50400 -0.0453
50500 -0.051
50600 -0.0573
50700 -0.0628
50800 -0.0685
50900 -0.0745
51000 -0.0814
51100 -0.0865
51200 -0.0918
51300 -0.0972
51400 -0.0995
51500 -0.101
51600 -0.104
51700 -0.106
51800 -0.108
51900 -0.11
52000 -0.111
52100 -0.109
52200 -0.109
52300 -0.101
52400 -0.101
52500 -0.0999
52600 -0.0969
52700 -0.0831
52800 -0.0781
52900 -0.0716
53000 -0.0633
53100 -0.0564
53200 -0.0522
53300 -0.0381
53400 -0.028
53500 -0.0213
53600 -0.0136
53700 -0.00585
53800 -0.00257
53900 0.00991
54000 0.00939
54100 0.0144
54200 0.0184
54300 0.0268
54400 0.0303
54500 0.037
54600 0.0422
54700 0.0442
54800 0.05
54900 0.0498
55000 0.0602
55100 0.067
55200 0.0738
55300 0.079
55400 0.076
55500 0.0815
55600 0.0897
55700 0.093
55800 0.0951
55900 0.0999
56000 0.104
56100 0.111
56200 0.114
56300 0.0992
56400 0.114
56500 0.126
56600 0.135
56700 0.126
56800 0.129
56900 0.128
57000 0.135
57100 0.131
57200 0.133
57300 0.138
57400 0.14
57500 0.139
57600 0.139
57700 0.142
57800 0.14
57900 0.151
58000 0.11
58100 0.123
58200 0.132
58300 0.138
58400 0.131
58500 0.135
58600 0.14
58700 0.136
58800 0.139
58900 0.122
59000 0.131
59100 0.134
59200 0.141
59300 0.107
59400 0.116
59500 0.127
59600 0.127
59700 0.134
59800 0.126
59900 0.122
60000 0.131
60100 0.13
60200 0.134
60300 0.132
60400 0.136
60500 0.141
60600 0.137
60700 0.135
60800 0.138
60900 0.137
61000 0.133
61100 0.125
61200 0.138
61300 -0.0286
61400 -0.0291
61500 -0.0294
61600 -0.0301
61700 -0.0308
61800 -0.0317
61900 -0.0327
62000 -0.0338
62100 -0.035
62200 -0.0361
62300 -0.0373
62400 -0.0384
62500 -0.0406
62600 -0.0421
62700 -0.0431
62800 -0.0438
62900 -0.0457
63000 -0.0469
63100 -0.0475
63200 -0.0476
63300 -0.0473
63400 -0.0481
63500 -0.048
63600 -0.0471
63700 -0.0456
63800 -0.0439
63900 -0.0421
64000 -0.0402
64100 -0.0368
64200 -0.0326
64300 -0.0279
64400 -0.0227
64500 -0.0165
64600 -0.0102
64700 -0.00332
64800 0.00457
64900 0.0132
65000 0.0218
65100 0.0307
65200 0.0396
65300 0.0453
65400 0.0539
65500 0.0628
65600 0.0704
65700 0.0748
65800 0.0839
65900 0.0914
66000 0.0976
66100 0.104
66200 0.11
66300 0.118
66400 0.122
66500 0.13
66600 0.135
66700 0.139
66800 0.148
66900 0.145
67000 0.153
67100 0.16
67200 0.165
67300 0.169
67400 0.176
67500 0.182
67600 0.186
67700 0.186
67800 0.187
67900 0.197
68000 0.198
68100 0.201
68200 0.196
68300 0.203
68400 0.204
68500 0.208
68600 0.203
68700 0.211
68800 0.21
68900 0.225
69000 0.225
69100 0.216
69200 0.208
69300 0.224
69400 0.216
69500 0.217
69600 0.211
69700 0.217
69800 0.219
69900 0.207
70000 0.212
};
\addlegendentry{theta est}
\addplot [semithick, red, dashed]
table {%
0 0.5
100 0.5
200 0.5
300 0.5
400 0.5
500 0.5
600 0.5
700 0.5
800 0.5
900 0.5
1000 0.5
1100 0.5
1200 0.5
1300 0.5
1400 0.5
1500 0.5
1600 0.5
1700 0.5
1800 0.5
1900 0.5
2000 0.5
2100 0.5
2200 0.5
2300 0.5
2400 0.5
2500 0.5
2600 0.5
2700 0.5
2800 0.5
2900 0.5
3000 0.5
3100 0.5
3200 0.5
3300 0.5
3400 0.5
3500 0.5
3600 0.5
3700 0.5
3800 0.5
3900 0.5
4000 0.5
4100 0.5
4200 0.5
4300 0.5
4400 0.5
4500 0.5
4600 0.5
4700 0.5
4800 0.5
4900 0.5
5000 0.5
5100 0.5
5200 0.5
5300 0.5
5400 0.5
5500 0.5
5600 0.5
5700 0.5
5800 0.5
5900 0.5
6000 0.5
6100 0.5
6200 0.5
6300 0.5
6400 0.5
6500 0.5
6600 0.5
6700 0.5
6800 0.5
6900 0.5
7000 0.5
7100 0.5
7200 0.5
7300 0.5
7400 0.5
7500 0.5
7600 0.5
7700 0.5
7800 0.5
7900 0.5
8000 0.5
8100 0.5
8200 0.5
8300 0.5
8400 0.5
8500 0.5
8600 0.5
8700 0.5
8800 0.5
8900 0.5
9000 0.5
9100 0.5
9200 0.5
9300 0.5
9400 0.5
9500 0.5
9600 0.5
9700 0.5
9800 0.5
9900 0.5
10000 0.5
10100 0.5
10200 0.5
10300 0.5
10400 0.5
10500 0.5
10600 0.5
10700 0.5
10800 0.5
10900 0.5
11000 0.5
11100 0.5
11200 0.5
11300 0.5
11400 0.5
11500 0.5
11600 0.5
11700 0.5
11800 0.5
11900 0.5
12000 0.5
12100 0.5
12200 0.5
12300 0.5
12400 0.5
12500 0.5
12600 0.5
12700 0.5
12800 0.5
12900 0.5
13000 0.5
13100 0.5
13200 0.5
13300 0.5
13400 0.5
13500 0.5
13600 0.5
13700 0.5
13800 0.5
13900 0.5
14000 0.5
14100 0.5
14200 0.5
14300 0.5
14400 0.5
14500 0.5
14600 0.5
14700 0.5
14800 0.5
14900 0.5
15000 0.5
15100 0.5
15200 0.5
15300 0.5
15400 0.5
15500 0.5
15600 0.5
15700 0.5
15800 0.5
15900 0.5
16000 0.5
16100 0.5
16200 0.5
16300 0.5
16400 0.5
16500 0.5
16600 0.5
16700 0.5
16800 0.5
16900 0.5
17000 0.5
17100 0.5
17200 0.5
17300 0.5
17400 0.5
17500 0.5
17600 0.5
17700 0.5
17800 0.5
17900 0.5
18000 0.5
18100 0.5
18200 0.5
18300 0.5
18400 0.5
18500 0.5
18600 0.5
18700 0.5
18800 0.5
18900 0.5
19000 0.5
19100 0.5
19200 0.5
19300 0.5
19400 0.5
19500 0.5
19600 0.5
19700 0.5
19800 0.5
19900 0.5
20000 0.5
20100 0.5
20200 0.5
20300 0.5
20400 0.5
20500 0.5
20600 0.5
20700 0.5
20800 0.5
20900 0.5
21000 0.5
21100 0.5
21200 0.5
21300 0.5
21400 0.5
21500 0.5
21600 0.5
21700 0.5
21800 0.5
21900 0.5
22000 0.5
22100 0.5
22200 0.5
22300 0.5
22400 0.5
22500 0.5
22600 0.5
22700 0.5
22800 0.5
22900 0.5
23000 0.5
23100 0.5
23200 0.5
23300 0.5
23400 0.5
23500 0.5
23600 0.5
23700 0.5
23800 0.5
23900 0.5
24000 0.5
24100 0.5
24200 0.5
24300 0.5
24400 0.5
24500 0.5
24600 0.5
24700 0.5
24800 0.5
24900 0.5
25000 0.5
25100 0.5
25200 0.5
25300 0.5
25400 0.5
25500 0.5
25600 0.5
25700 0.5
25800 0.5
25900 0.5
26000 0.5
26100 0.5
26200 0.5
26300 0.5
26400 0.5
26500 0.5
26600 0.5
26700 0.5
26800 0.5
26900 0.5
27000 0.5
27100 0.5
27200 0.5
27300 0.5
27400 0.5
27500 0.5
27600 0.5
27700 0.5
27800 0.5
27900 0.5
28000 0.5
28100 0.5
28200 0.5
28300 0.5
28400 0.5
28500 0.5
28600 0.5
28700 0.5
28800 0.5
28900 0.5
29000 0.5
29100 0.5
29200 0.5
29300 0.5
29400 0.5
29500 0.5
29600 0.5
29700 0.5
29800 0.5
29900 0.5
30000 0.5
30100 0.5
30200 0.5
30300 0.5
30400 0.5
30500 0.5
30600 0.5
30700 0.5
30800 0.5
30900 0.5
31000 0.5
31100 0.5
31200 0.5
31300 0.5
31400 0.5
31500 0.5
31600 0.5
31700 0.5
31800 0.5
31900 0.5
32000 0.5
32100 0.5
32200 0.5
32300 0.5
32400 0.5
32500 0.5
32600 0.5
32700 0.5
32800 0.5
32900 0.5
33000 0.5
33100 0.5
33200 0.5
33300 0.5
33400 0.5
33500 0.5
33600 0.5
33700 0.5
33800 0.5
33900 0.5
34000 0.5
34100 0.5
34200 0.5
34300 0.5
34400 0.5
34500 0.5
34600 0.5
34700 0.5
34800 0.5
34900 0.5
35000 0.5
35100 0.5
35200 0.5
35300 0.5
35400 0.5
35500 0.5
35600 0.5
35700 0.5
35800 0.5
35900 0.5
36000 0.5
36100 0.5
36200 0.5
36300 0.5
36400 0.5
36500 0.5
36600 0.5
36700 0.5
36800 0.5
36900 0.5
37000 0.5
37100 0.5
37200 0.5
37300 0.5
37400 0.5
37500 0.5
37600 0.5
37700 0.5
37800 0.5
37900 0.5
38000 0.5
38100 0.5
38200 0.5
38300 0.5
38400 0.5
38500 0.5
38600 0.5
38700 0.5
38800 0.5
38900 0.5
39000 0.5
39100 0.5
39200 0.5
39300 0.5
39400 0.5
39500 0.5
39600 0.5
39700 0.5
39800 0.5
39900 0.5
40000 0.5
40100 0.5
40200 0.5
40300 0.5
40400 0.5
40500 0.5
40600 0.5
40700 0.5
40800 0.5
40900 0.5
41000 0.5
41100 0.5
41200 0.5
41300 0.5
41400 0.5
41500 0.5
41600 0.5
41700 0.5
41800 0.5
41900 0.5
42000 0.5
42100 0.5
42200 0.5
42300 0.5
42400 0.5
42500 0.5
42600 0.5
42700 0.5
42800 0.5
42900 0.5
43000 0.5
43100 0.5
43200 0.5
43300 0.5
43400 0.5
43500 0.5
43600 0.5
43700 0.5
43800 0.5
43900 0.5
44000 0.5
44100 0.5
44200 0.5
44300 0.5
44400 0.5
44500 0.5
44600 0.5
44700 0.5
44800 0.5
44900 0.5
45000 0.5
45100 0.5
45200 0.5
45300 0.5
45400 0.5
45500 0.5
45600 0.5
45700 0.5
45800 0.5
45900 0.5
46000 0.5
46100 0.5
46200 0.5
46300 0.5
46400 0.5
46500 0.5
46600 0.5
46700 0.5
46800 0.5
46900 0.5
47000 0.5
47100 0.5
47200 0.5
47300 0.5
47400 0.5
47500 0.5
47600 0.5
47700 0.5
47800 0.5
47900 0.5
48000 0.5
48100 0.5
48200 0.5
48300 0.5
48400 0.5
48500 0.5
48600 0.5
48700 0.5
48800 0.5
48900 0.5
49000 0.5
49100 0.5
49200 0.5
49300 0.5
49400 0.5
49500 0.5
49600 0.5
49700 0.5
49800 0.5
49900 0.5
50000 0.5
50100 0.5
50200 0.5
50300 0.5
50400 0.5
50500 0.5
50600 0.5
50700 0.5
50800 0.5
50900 0.5
51000 0.5
51100 0.5
51200 0.5
51300 0.5
51400 0.5
51500 0.5
51600 0.5
51700 0.5
51800 0.5
51900 0.5
52000 0.5
52100 0.5
52200 0.5
52300 0.5
52400 0.5
52500 0.5
52600 0.5
52700 0.5
52800 0.5
52900 0.5
53000 0.5
53100 0.5
53200 0.5
53300 0.5
53400 0.5
53500 0.5
53600 0.5
53700 0.5
53800 0.5
53900 0.5
54000 0.5
54100 0.5
54200 0.5
54300 0.5
54400 0.5
54500 0.5
54600 0.5
54700 0.5
54800 0.5
54900 0.5
55000 0.5
55100 0.5
55200 0.5
55300 0.5
55400 0.5
55500 0.5
55600 0.5
55700 0.5
55800 0.5
55900 0.5
56000 0.5
56100 0.5
56200 0.5
56300 0.5
56400 0.5
56500 0.5
56600 0.5
56700 0.5
56800 0.5
56900 0.5
57000 0.5
57100 0.5
57200 0.5
57300 0.5
57400 0.5
57500 0.5
57600 0.5
57700 0.5
57800 0.5
57900 0.5
58000 0.5
58100 0.5
58200 0.5
58300 0.5
58400 0.5
58500 0.5
58600 0.5
58700 0.5
58800 0.5
58900 0.5
59000 0.5
59100 0.5
59200 0.5
59300 0.5
59400 0.5
59500 0.5
59600 0.5
59700 0.5
59800 0.5
59900 0.5
60000 0.5
60100 0.5
60200 0.5
60300 0.5
60400 0.5
60500 0.5
60600 0.5
60700 0.5
60800 0.5
60900 0.5
61000 0.5
61100 0.5
61200 0.5
61300 0.5
61400 0.5
61500 0.5
61600 0.5
61700 0.5
61800 0.5
61900 0.5
62000 0.5
62100 0.5
62200 0.5
62300 0.5
62400 0.5
62500 0.5
62600 0.5
62700 0.5
62800 0.5
62900 0.5
63000 0.5
63100 0.5
63200 0.5
63300 0.5
63400 0.5
63500 0.5
63600 0.5
63700 0.5
63800 0.5
63900 0.5
64000 0.5
64100 0.5
64200 0.5
64300 0.5
64400 0.5
64500 0.5
64600 0.5
64700 0.5
64800 0.5
64900 0.5
65000 0.5
65100 0.5
65200 0.5
65300 0.5
65400 0.5
65500 0.5
65600 0.5
65700 0.5
65800 0.5
65900 0.5
66000 0.5
66100 0.5
66200 0.5
66300 0.5
66400 0.5
66500 0.5
66600 0.5
66700 0.5
66800 0.5
66900 0.5
67000 0.5
67100 0.5
67200 0.5
67300 0.5
67400 0.5
67500 0.5
67600 0.5
67700 0.5
67800 0.5
67900 0.5
68000 0.5
68100 0.5
68200 0.5
68300 0.5
68400 0.5
68500 0.5
68600 0.5
68700 0.5
68800 0.5
68900 0.5
69000 0.5
69100 0.5
69200 0.5
69300 0.5
69400 0.5
69500 0.5
69600 0.5
69700 0.5
69800 0.5
69900 0.5
70000 0.5
};
\addlegendentry{beta}
\addplot [semithick, black, dashed]
table {%
0 0.05
100 0.05
200 0.05
300 0.05
400 0.05
500 0.05
600 0.05
700 0.05
800 0.05
900 0.05
1000 0.05
1100 0.05
1200 0.05
1300 0.05
1400 0.05
1500 0.05
1600 0.05
1700 0.05
1800 0.05
1900 0.05
2000 0.05
2100 0.05
2200 0.05
2300 0.05
2400 0.05
2500 0.05
2600 0.05
2700 0.05
2800 0.05
2900 0.05
3000 0.05
3100 0.05
3200 0.05
3300 0.05
3400 0.05
3500 0.05
3600 0.05
3700 0.05
3800 0.05
3900 0.05
4000 0.05
4100 0.05
4200 0.05
4300 0.05
4400 0.05
4500 0.05
4600 0.05
4700 0.05
4800 0.05
4900 0.05
5000 0.05
5100 0.05
5200 0.05
5300 0.05
5400 0.05
5500 0.05
5600 0.05
5700 0.05
5800 0.05
5900 0.05
6000 0.05
6100 0.05
6200 0.05
6300 0.05
6400 0.05
6500 0.05
6600 0.05
6700 0.05
6800 0.05
6900 0.05
7000 0.05
7100 0.05
7200 0.05
7300 0.05
7400 0.05
7500 0.05
7600 0.05
7700 0.05
7800 0.05
7900 0.05
8000 0.05
8100 0.05
8200 0.05
8300 0.05
8400 0.05
8500 0.05
8600 0.05
8700 0.05
8800 0.05
8900 0.05
9000 0.05
9100 0.05
9200 0.05
9300 0.05
9400 0.05
9500 0.05
9600 0.05
9700 0.05
9800 0.05
9900 0.05
10000 0.05
10100 0.05
10200 0.05
10300 0.05
10400 0.05
10500 0.05
10600 0.05
10700 0.05
10800 0.05
10900 0.05
11000 0.05
11100 0.05
11200 0.05
11300 0.05
11400 0.05
11500 0.05
11600 0.05
11700 0.05
11800 0.05
11900 0.05
12000 0.05
12100 0.05
12200 0.05
12300 0.05
12400 0.05
12500 0.05
12600 0.05
12700 0.05
12800 0.05
12900 0.05
13000 0.05
13100 0.05
13200 0.05
13300 0.05
13400 0.05
13500 0.05
13600 0.05
13700 0.05
13800 0.05
13900 0.05
14000 0.05
14100 0.05
14200 0.05
14300 0.05
14400 0.05
14500 0.05
14600 0.05
14700 0.05
14800 0.05
14900 0.05
15000 0.05
15100 0.05
15200 0.05
15300 0.05
15400 0.05
15500 0.05
15600 0.05
15700 0.05
15800 0.05
15900 0.05
16000 0.05
16100 0.05
16200 0.05
16300 0.05
16400 0.05
16500 0.05
16600 0.05
16700 0.05
16800 0.05
16900 0.05
17000 0.05
17100 0.05
17200 0.05
17300 0.05
17400 0.05
17500 0.05
17600 0.05
17700 0.05
17800 0.05
17900 0.05
18000 0.05
18100 0.05
18200 0.05
18300 0.05
18400 0.05
18500 0.05
18600 0.05
18700 0.05
18800 0.05
18900 0.05
19000 0.05
19100 0.05
19200 0.05
19300 0.05
19400 0.05
19500 0.05
19600 0.05
19700 0.05
19800 0.05
19900 0.05
20000 0.05
20100 0.05
20200 0.05
20300 0.05
20400 0.05
20500 0.05
20600 0.05
20700 0.05
20800 0.05
20900 0.05
21000 0.05
21100 0.05
21200 0.05
21300 0.05
21400 0.05
21500 0.05
21600 0.05
21700 0.05
21800 0.05
21900 0.05
22000 0.05
22100 0.05
22200 0.05
22300 0.05
22400 0.05
22500 0.05
22600 0.05
22700 0.05
22800 0.05
22900 0.05
23000 0.05
23100 0.05
23200 0.05
23300 0.05
23400 0.05
23500 0.05
23600 0.05
23700 0.05
23800 0.05
23900 0.05
24000 0.05
24100 0.05
24200 0.05
24300 0.05
24400 0.05
24500 0.05
24600 0.05
24700 0.05
24800 0.05
24900 0.05
25000 0.05
25100 0.05
25200 0.05
25300 0.05
25400 0.05
25500 0.05
25600 0.05
25700 0.05
25800 0.05
25900 0.05
26000 0.05
26100 0.05
26200 0.05
26300 0.05
26400 0.05
26500 0.05
26600 0.05
26700 0.05
26800 0.05
26900 0.05
27000 0.05
27100 0.05
27200 0.05
27300 0.05
27400 0.05
27500 0.05
27600 0.05
27700 0.05
27800 0.05
27900 0.05
28000 0.05
28100 0.05
28200 0.05
28300 0.05
28400 0.05
28500 0.05
28600 0.05
28700 0.05
28800 0.05
28900 0.05
29000 0.05
29100 0.05
29200 0.05
29300 0.05
29400 0.05
29500 0.05
29600 0.05
29700 0.05
29800 0.05
29900 0.05
30000 0.05
30100 0.05
30200 0.05
30300 0.05
30400 0.05
30500 0.05
30600 0.05
30700 0.05
30800 0.05
30900 0.05
31000 0.05
31100 0.05
31200 0.05
31300 0.05
31400 0.05
31500 0.05
31600 0.05
31700 0.05
31800 0.05
31900 0.05
32000 0.05
32100 0.05
32200 0.05
32300 0.05
32400 0.05
32500 0.05
32600 0.05
32700 0.05
32800 0.05
32900 0.05
33000 0.05
33100 0.05
33200 0.05
33300 0.05
33400 0.05
33500 0.05
33600 0.05
33700 0.05
33800 0.05
33900 0.05
34000 0.05
34100 0.05
34200 0.05
34300 0.05
34400 0.05
34500 0.05
34600 0.05
34700 0.05
34800 0.05
34900 0.05
35000 0.05
35100 0.05
35200 0.05
35300 0.05
35400 0.05
35500 0.05
35600 0.05
35700 0.05
35800 0.05
35900 0.05
36000 0.05
36100 0.05
36200 0.05
36300 0.05
36400 0.05
36500 0.05
36600 0.05
36700 0.05
36800 0.05
36900 0.05
37000 0.05
37100 0.05
37200 0.05
37300 0.05
37400 0.05
37500 0.05
37600 0.05
37700 0.05
37800 0.05
37900 0.05
38000 0.05
38100 0.05
38200 0.05
38300 0.05
38400 0.05
38500 0.05
38600 0.05
38700 0.05
38800 0.05
38900 0.05
39000 0.05
39100 0.05
39200 0.05
39300 0.05
39400 0.05
39500 0.05
39600 0.05
39700 0.05
39800 0.05
39900 0.05
40000 0.05
40100 0.05
40200 0.05
40300 0.05
40400 0.05
40500 0.05
40600 0.05
40700 0.05
40800 0.05
40900 0.05
41000 0.05
41100 0.05
41200 0.05
41300 0.05
41400 0.05
41500 0.05
41600 0.05
41700 0.05
41800 0.05
41900 0.05
42000 0.05
42100 0.05
42200 0.05
42300 0.05
42400 0.05
42500 0.05
42600 0.05
42700 0.05
42800 0.05
42900 0.05
43000 0.05
43100 0.05
43200 0.05
43300 0.05
43400 0.05
43500 0.05
43600 0.05
43700 0.05
43800 0.05
43900 0.05
44000 0.05
44100 0.05
44200 0.05
44300 0.05
44400 0.05
44500 0.05
44600 0.05
44700 0.05
44800 0.05
44900 0.05
45000 0.05
45100 0.05
45200 0.05
45300 0.05
45400 0.05
45500 0.05
45600 0.05
45700 0.05
45800 0.05
45900 0.05
46000 0.05
46100 0.05
46200 0.05
46300 0.05
46400 0.05
46500 0.05
46600 0.05
46700 0.05
46800 0.05
46900 0.05
47000 0.05
47100 0.05
47200 0.05
47300 0.05
47400 0.05
47500 0.05
47600 0.05
47700 0.05
47800 0.05
47900 0.05
48000 0.05
48100 0.05
48200 0.05
48300 0.05
48400 0.05
48500 0.05
48600 0.05
48700 0.05
48800 0.05
48900 0.05
49000 0.05
49100 0.05
49200 0.05
49300 0.05
49400 0.05
49500 0.05
49600 0.05
49700 0.05
49800 0.05
49900 0.05
50000 0.05
50100 0.05
50200 0.05
50300 0.05
50400 0.05
50500 0.05
50600 0.05
50700 0.05
50800 0.05
50900 0.05
51000 0.05
51100 0.05
51200 0.05
51300 0.05
51400 0.05
51500 0.05
51600 0.05
51700 0.05
51800 0.05
51900 0.05
52000 0.05
52100 0.05
52200 0.05
52300 0.05
52400 0.05
52500 0.05
52600 0.05
52700 0.05
52800 0.05
52900 0.05
53000 0.05
53100 0.05
53200 0.05
53300 0.05
53400 0.05
53500 0.05
53600 0.05
53700 0.05
53800 0.05
53900 0.05
54000 0.05
54100 0.05
54200 0.05
54300 0.05
54400 0.05
54500 0.05
54600 0.05
54700 0.05
54800 0.05
54900 0.05
55000 0.05
55100 0.05
55200 0.05
55300 0.05
55400 0.05
55500 0.05
55600 0.05
55700 0.05
55800 0.05
55900 0.05
56000 0.05
56100 0.05
56200 0.05
56300 0.05
56400 0.05
56500 0.05
56600 0.05
56700 0.05
56800 0.05
56900 0.05
57000 0.05
57100 0.05
57200 0.05
57300 0.05
57400 0.05
57500 0.05
57600 0.05
57700 0.05
57800 0.05
57900 0.05
58000 0.05
58100 0.05
58200 0.05
58300 0.05
58400 0.05
58500 0.05
58600 0.05
58700 0.05
58800 0.05
58900 0.05
59000 0.05
59100 0.05
59200 0.05
59300 0.05
59400 0.05
59500 0.05
59600 0.05
59700 0.05
59800 0.05
59900 0.05
60000 0.05
60100 0.05
60200 0.05
60300 0.05
60400 0.05
60500 0.05
60600 0.05
60700 0.05
60800 0.05
60900 0.05
61000 0.05
61100 0.05
61200 0.05
61300 0.05
61400 0.05
61500 0.05
61600 0.05
61700 0.05
61800 0.05
61900 0.05
62000 0.05
62100 0.05
62200 0.05
62300 0.05
62400 0.05
62500 0.05
62600 0.05
62700 0.05
62800 0.05
62900 0.05
63000 0.05
63100 0.05
63200 0.05
63300 0.05
63400 0.05
63500 0.05
63600 0.05
63700 0.05
63800 0.05
63900 0.05
64000 0.05
64100 0.05
64200 0.05
64300 0.05
64400 0.05
64500 0.05
64600 0.05
64700 0.05
64800 0.05
64900 0.05
65000 0.05
65100 0.05
65200 0.05
65300 0.05
65400 0.05
65500 0.05
65600 0.05
65700 0.05
65800 0.05
65900 0.05
66000 0.05
66100 0.05
66200 0.05
66300 0.05
66400 0.05
66500 0.05
66600 0.05
66700 0.05
66800 0.05
66900 0.05
67000 0.05
67100 0.05
67200 0.05
67300 0.05
67400 0.05
67500 0.05
67600 0.05
67700 0.05
67800 0.05
67900 0.05
68000 0.05
68100 0.05
68200 0.05
68300 0.05
68400 0.05
68500 0.05
68600 0.05
68700 0.05
68800 0.05
68900 0.05
69000 0.05
69100 0.05
69200 0.05
69300 0.05
69400 0.05
69500 0.05
69600 0.05
69700 0.05
69800 0.05
69900 0.05
70000 0.05
};
\addlegendentry{phi1}
\addplot [semithick, green!50!black, dashed]
table {%
0 0.05
100 0.05
200 0.05
300 0.05
400 0.05
500 0.05
600 0.05
700 0.05
800 0.05
900 0.05
1000 0.05
1100 0.05
1200 0.05
1300 0.05
1400 0.05
1500 0.05
1600 0.05
1700 0.05
1800 0.05
1900 0.05
2000 0.05
2100 0.05
2200 0.05
2300 0.05
2400 0.05
2500 0.05
2600 0.05
2700 0.05
2800 0.05
2900 0.05
3000 0.05
3100 0.05
3200 0.05
3300 0.05
3400 0.05
3500 0.05
3600 0.05
3700 0.05
3800 0.05
3900 0.05
4000 0.05
4100 0.05
4200 0.05
4300 0.05
4400 0.05
4500 0.05
4600 0.05
4700 0.05
4800 0.05
4900 0.05
5000 0.05
5100 0.05
5200 0.05
5300 0.05
5400 0.05
5500 0.05
5600 0.05
5700 0.05
5800 0.05
5900 0.05
6000 0.05
6100 0.05
6200 0.05
6300 0.05
6400 0.05
6500 0.05
6600 0.05
6700 0.05
6800 0.05
6900 0.05
7000 0.05
7100 0.05
7200 0.05
7300 0.05
7400 0.05
7500 0.05
7600 0.05
7700 0.05
7800 0.05
7900 0.05
8000 0.05
8100 0.05
8200 0.05
8300 0.05
8400 0.05
8500 0.05
8600 0.05
8700 0.05
8800 0.05
8900 0.05
9000 0.05
9100 0.05
9200 0.05
9300 0.05
9400 0.05
9500 0.05
9600 0.05
9700 0.05
9800 0.05
9900 0.05
10000 0.05
10100 0.05
10200 0.05
10300 0.05
10400 0.05
10500 0.05
10600 0.05
10700 0.05
10800 0.05
10900 0.05
11000 0.05
11100 0.05
11200 0.05
11300 0.05
11400 0.05
11500 0.05
11600 0.05
11700 0.05
11800 0.05
11900 0.05
12000 0.05
12100 0.05
12200 0.05
12300 0.05
12400 0.05
12500 0.05
12600 0.05
12700 0.05
12800 0.05
12900 0.05
13000 0.05
13100 0.05
13200 0.05
13300 0.05
13400 0.05
13500 0.05
13600 0.05
13700 0.05
13800 0.05
13900 0.05
14000 0.05
14100 0.05
14200 0.05
14300 0.05
14400 0.05
14500 0.05
14600 0.05
14700 0.05
14800 0.05
14900 0.05
15000 0.05
15100 0.05
15200 0.05
15300 0.05
15400 0.05
15500 0.05
15600 0.05
15700 0.05
15800 0.05
15900 0.05
16000 0.05
16100 0.05
16200 0.05
16300 0.05
16400 0.05
16500 0.05
16600 0.05
16700 0.05
16800 0.05
16900 0.05
17000 0.05
17100 0.05
17200 0.05
17300 0.05
17400 0.05
17500 0.05
17600 0.05
17700 0.05
17800 0.05
17900 0.05
18000 0.05
18100 0.05
18200 0.05
18300 0.05
18400 0.05
18500 0.05
18600 0.05
18700 0.05
18800 0.05
18900 0.05
19000 0.05
19100 0.05
19200 0.05
19300 0.05
19400 0.05
19500 0.05
19600 0.05
19700 0.05
19800 0.05
19900 0.05
20000 0.05
20100 0.05
20200 0.05
20300 0.05
20400 0.05
20500 0.05
20600 0.05
20700 0.05
20800 0.05
20900 0.05
21000 0.05
21100 0.05
21200 0.05
21300 0.05
21400 0.05
21500 0.05
21600 0.05
21700 0.05
21800 0.05
21900 0.05
22000 0.05
22100 0.05
22200 0.05
22300 0.05
22400 0.05
22500 0.05
22600 0.05
22700 0.05
22800 0.05
22900 0.05
23000 0.05
23100 0.05
23200 0.05
23300 0.05
23400 0.05
23500 0.05
23600 0.05
23700 0.05
23800 0.05
23900 0.05
24000 0.05
24100 0.05
24200 0.05
24300 0.05
24400 0.05
24500 0.05
24600 0.05
24700 0.05
24800 0.05
24900 0.05
25000 0.05
25100 0.05
25200 0.05
25300 0.05
25400 0.05
25500 0.05
25600 0.05
25700 0.05
25800 0.05
25900 0.05
26000 0.05
26100 0.05
26200 0.05
26300 0.05
26400 0.05
26500 0.05
26600 0.05
26700 0.05
26800 0.05
26900 0.05
27000 0.05
27100 0.05
27200 0.05
27300 0.05
27400 0.05
27500 0.05
27600 0.05
27700 0.05
27800 0.05
27900 0.05
28000 0.05
28100 0.05
28200 0.05
28300 0.05
28400 0.05
28500 0.05
28600 0.05
28700 0.05
28800 0.05
28900 0.05
29000 0.05
29100 0.05
29200 0.05
29300 0.05
29400 0.05
29500 0.05
29600 0.05
29700 0.05
29800 0.05
29900 0.05
30000 0.05
30100 0.05
30200 0.05
30300 0.05
30400 0.05
30500 0.05
30600 0.05
30700 0.05
30800 0.05
30900 0.05
31000 0.05
31100 0.05
31200 0.05
31300 0.05
31400 0.05
31500 0.05
31600 0.05
31700 0.05
31800 0.05
31900 0.05
32000 0.05
32100 0.05
32200 0.05
32300 0.05
32400 0.05
32500 0.05
32600 0.05
32700 0.05
32800 0.05
32900 0.05
33000 0.05
33100 0.05
33200 0.05
33300 0.05
33400 0.05
33500 0.05
33600 0.05
33700 0.05
33800 0.05
33900 0.05
34000 0.05
34100 0.05
34200 0.05
34300 0.05
34400 0.05
34500 0.05
34600 0.05
34700 0.05
34800 0.05
34900 0.05
35000 0.05
35100 0.05
35200 0.05
35300 0.05
35400 0.05
35500 0.05
35600 0.05
35700 0.05
35800 0.05
35900 0.05
36000 0.05
36100 0.05
36200 0.05
36300 0.05
36400 0.05
36500 0.05
36600 0.05
36700 0.05
36800 0.05
36900 0.05
37000 0.05
37100 0.05
37200 0.05
37300 0.05
37400 0.05
37500 0.05
37600 0.05
37700 0.05
37800 0.05
37900 0.05
38000 0.05
38100 0.05
38200 0.05
38300 0.05
38400 0.05
38500 0.05
38600 0.05
38700 0.05
38800 0.05
38900 0.05
39000 0.05
39100 0.05
39200 0.05
39300 0.05
39400 0.05
39500 0.05
39600 0.05
39700 0.05
39800 0.05
39900 0.05
40000 0.05
40100 0.05
40200 0.05
40300 0.05
40400 0.05
40500 0.05
40600 0.05
40700 0.05
40800 0.05
40900 0.05
41000 0.05
41100 0.05
41200 0.05
41300 0.05
41400 0.05
41500 0.05
41600 0.05
41700 0.05
41800 0.05
41900 0.05
42000 0.05
42100 0.05
42200 0.05
42300 0.05
42400 0.05
42500 0.05
42600 0.05
42700 0.05
42800 0.05
42900 0.05
43000 0.05
43100 0.05
43200 0.05
43300 0.05
43400 0.05
43500 0.05
43600 0.05
43700 0.05
43800 0.05
43900 0.05
44000 0.05
44100 0.05
44200 0.05
44300 0.05
44400 0.05
44500 0.05
44600 0.05
44700 0.05
44800 0.05
44900 0.05
45000 0.05
45100 0.05
45200 0.05
45300 0.05
45400 0.05
45500 0.05
45600 0.05
45700 0.05
45800 0.05
45900 0.05
46000 0.05
46100 0.05
46200 0.05
46300 0.05
46400 0.05
46500 0.05
46600 0.05
46700 0.05
46800 0.05
46900 0.05
47000 0.05
47100 0.05
47200 0.05
47300 0.05
47400 0.05
47500 0.05
47600 0.05
47700 0.05
47800 0.05
47900 0.05
48000 0.05
48100 0.05
48200 0.05
48300 0.05
48400 0.05
48500 0.05
48600 0.05
48700 0.05
48800 0.05
48900 0.05
49000 0.05
49100 0.05
49200 0.05
49300 0.05
49400 0.05
49500 0.05
49600 0.05
49700 0.05
49800 0.05
49900 0.05
50000 0.05
50100 0.05
50200 0.05
50300 0.05
50400 0.05
50500 0.05
50600 0.05
50700 0.05
50800 0.05
50900 0.05
51000 0.05
51100 0.05
51200 0.05
51300 0.05
51400 0.05
51500 0.05
51600 0.05
51700 0.05
51800 0.05
51900 0.05
52000 0.05
52100 0.05
52200 0.05
52300 0.05
52400 0.05
52500 0.05
52600 0.05
52700 0.05
52800 0.05
52900 0.05
53000 0.05
53100 0.05
53200 0.05
53300 0.05
53400 0.05
53500 0.05
53600 0.05
53700 0.05
53800 0.05
53900 0.05
54000 0.05
54100 0.05
54200 0.05
54300 0.05
54400 0.05
54500 0.05
54600 0.05
54700 0.05
54800 0.05
54900 0.05
55000 0.05
55100 0.05
55200 0.05
55300 0.05
55400 0.05
55500 0.05
55600 0.05
55700 0.05
55800 0.05
55900 0.05
56000 0.05
56100 0.05
56200 0.05
56300 0.05
56400 0.05
56500 0.05
56600 0.05
56700 0.05
56800 0.05
56900 0.05
57000 0.05
57100 0.05
57200 0.05
57300 0.05
57400 0.05
57500 0.05
57600 0.05
57700 0.05
57800 0.05
57900 0.05
58000 0.05
58100 0.05
58200 0.05
58300 0.05
58400 0.05
58500 0.05
58600 0.05
58700 0.05
58800 0.05
58900 0.05
59000 0.05
59100 0.05
59200 0.05
59300 0.05
59400 0.05
59500 0.05
59600 0.05
59700 0.05
59800 0.05
59900 0.05
60000 0.05
60100 0.05
60200 0.05
60300 0.05
60400 0.05
60500 0.05
60600 0.05
60700 0.05
60800 0.05
60900 0.05
61000 0.05
61100 0.05
61200 0.05
61300 0.05
61400 0.05
61500 0.05
61600 0.05
61700 0.05
61800 0.05
61900 0.05
62000 0.05
62100 0.05
62200 0.05
62300 0.05
62400 0.05
62500 0.05
62600 0.05
62700 0.05
62800 0.05
62900 0.05
63000 0.05
63100 0.05
63200 0.05
63300 0.05
63400 0.05
63500 0.05
63600 0.05
63700 0.05
63800 0.05
63900 0.05
64000 0.05
64100 0.05
64200 0.05
64300 0.05
64400 0.05
64500 0.05
64600 0.05
64700 0.05
64800 0.05
64900 0.05
65000 0.05
65100 0.05
65200 0.05
65300 0.05
65400 0.05
65500 0.05
65600 0.05
65700 0.05
65800 0.05
65900 0.05
66000 0.05
66100 0.05
66200 0.05
66300 0.05
66400 0.05
66500 0.05
66600 0.05
66700 0.05
66800 0.05
66900 0.05
67000 0.05
67100 0.05
67200 0.05
67300 0.05
67400 0.05
67500 0.05
67600 0.05
67700 0.05
67800 0.05
67900 0.05
68000 0.05
68100 0.05
68200 0.05
68300 0.05
68400 0.05
68500 0.05
68600 0.05
68700 0.05
68800 0.05
68900 0.05
69000 0.05
69100 0.05
69200 0.05
69300 0.05
69400 0.05
69500 0.05
69600 0.05
69700 0.05
69800 0.05
69900 0.05
70000 0.05
};
\addlegendentry{phi2}
\addplot [semithick, color0, dashed]
table {%
0 0.1
100 0.1
200 0.1
300 0.1
400 0.1
500 0.1
600 0.1
700 0.1
800 0.1
900 0.1
1000 0.1
1100 0.1
1200 0.1
1300 0.1
1400 0.1
1500 0.1
1600 0.1
1700 0.1
1800 0.1
1900 0.1
2000 0.1
2100 0.1
2200 0.1
2300 0.1
2400 0.1
2500 0.1
2600 0.1
2700 0.1
2800 0.1
2900 0.1
3000 0.1
3100 0.1
3200 0.1
3300 0.1
3400 0.1
3500 0.1
3600 0.1
3700 0.1
3800 0.1
3900 0.1
4000 0.1
4100 0.1
4200 0.1
4300 0.1
4400 0.1
4500 0.1
4600 0.1
4700 0.1
4800 0.1
4900 0.1
5000 0.1
5100 0.1
5200 0.1
5300 0.1
5400 0.1
5500 0.1
5600 0.1
5700 0.1
5800 0.1
5900 0.1
6000 0.1
6100 0.1
6200 0.1
6300 0.1
6400 0.1
6500 0.1
6600 0.1
6700 0.1
6800 0.1
6900 0.1
7000 0.1
7100 0.1
7200 0.1
7300 0.1
7400 0.1
7500 0.1
7600 0.1
7700 0.1
7800 0.1
7900 0.1
8000 0.1
8100 0.1
8200 0.1
8300 0.1
8400 0.1
8500 0.1
8600 0.1
8700 0.1
8800 0.1
8900 0.1
9000 0.1
9100 0.1
9200 0.1
9300 0.1
9400 0.1
9500 0.1
9600 0.1
9700 0.1
9800 0.1
9900 0.1
10000 0.1
10100 0.1
10200 0.1
10300 0.1
10400 0.1
10500 0.1
10600 0.1
10700 0.1
10800 0.1
10900 0.1
11000 0.1
11100 0.1
11200 0.1
11300 0.1
11400 0.1
11500 0.1
11600 0.1
11700 0.1
11800 0.1
11900 0.1
12000 0.1
12100 0.1
12200 0.1
12300 0.1
12400 0.1
12500 0.1
12600 0.1
12700 0.1
12800 0.1
12900 0.1
13000 0.1
13100 0.1
13200 0.1
13300 0.1
13400 0.1
13500 0.1
13600 0.1
13700 0.1
13800 0.1
13900 0.1
14000 0.1
14100 0.1
14200 0.1
14300 0.1
14400 0.1
14500 0.1
14600 0.1
14700 0.1
14800 0.1
14900 0.1
15000 0.1
15100 0.1
15200 0.1
15300 0.1
15400 0.1
15500 0.1
15600 0.1
15700 0.1
15800 0.1
15900 0.1
16000 0.1
16100 0.1
16200 0.1
16300 0.1
16400 0.1
16500 0.1
16600 0.1
16700 0.1
16800 0.1
16900 0.1
17000 0.1
17100 0.1
17200 0.1
17300 0.1
17400 0.1
17500 0.1
17600 0.1
17700 0.1
17800 0.1
17900 0.1
18000 0.1
18100 0.1
18200 0.1
18300 0.1
18400 0.1
18500 0.1
18600 0.1
18700 0.1
18800 0.1
18900 0.1
19000 0.1
19100 0.1
19200 0.1
19300 0.1
19400 0.1
19500 0.1
19600 0.1
19700 0.1
19800 0.1
19900 0.1
20000 0.1
20100 0.1
20200 0.1
20300 0.1
20400 0.1
20500 0.1
20600 0.1
20700 0.1
20800 0.1
20900 0.1
21000 0.1
21100 0.1
21200 0.1
21300 0.1
21400 0.1
21500 0.1
21600 0.1
21700 0.1
21800 0.1
21900 0.1
22000 0.1
22100 0.1
22200 0.1
22300 0.1
22400 0.1
22500 0.1
22600 0.1
22700 0.1
22800 0.1
22900 0.1
23000 0.1
23100 0.1
23200 0.1
23300 0.1
23400 0.1
23500 0.1
23600 0.1
23700 0.1
23800 0.1
23900 0.1
24000 0.1
24100 0.1
24200 0.1
24300 0.1
24400 0.1
24500 0.1
24600 0.1
24700 0.1
24800 0.1
24900 0.1
25000 0.1
25100 0.1
25200 0.1
25300 0.1
25400 0.1
25500 0.1
25600 0.1
25700 0.1
25800 0.1
25900 0.1
26000 0.1
26100 0.1
26200 0.1
26300 0.1
26400 0.1
26500 0.1
26600 0.1
26700 0.1
26800 0.1
26900 0.1
27000 0.1
27100 0.1
27200 0.1
27300 0.1
27400 0.1
27500 0.1
27600 0.1
27700 0.1
27800 0.1
27900 0.1
28000 0.1
28100 0.1
28200 0.1
28300 0.1
28400 0.1
28500 0.1
28600 0.1
28700 0.1
28800 0.1
28900 0.1
29000 0.1
29100 0.1
29200 0.1
29300 0.1
29400 0.1
29500 0.1
29600 0.1
29700 0.1
29800 0.1
29900 0.1
30000 0.1
30100 0.1
30200 0.1
30300 0.1
30400 0.1
30500 0.1
30600 0.1
30700 0.1
30800 0.1
30900 0.1
31000 0.1
31100 0.1
31200 0.1
31300 0.1
31400 0.1
31500 0.1
31600 0.1
31700 0.1
31800 0.1
31900 0.1
32000 0.1
32100 0.1
32200 0.1
32300 0.1
32400 0.1
32500 0.1
32600 0.1
32700 0.1
32800 0.1
32900 0.1
33000 0.1
33100 0.1
33200 0.1
33300 0.1
33400 0.1
33500 0.1
33600 0.1
33700 0.1
33800 0.1
33900 0.1
34000 0.1
34100 0.1
34200 0.1
34300 0.1
34400 0.1
34500 0.1
34600 0.1
34700 0.1
34800 0.1
34900 0.1
35000 0.1
35100 0.1
35200 0.1
35300 0.1
35400 0.1
35500 0.1
35600 0.1
35700 0.1
35800 0.1
35900 0.1
36000 0.1
36100 0.1
36200 0.1
36300 0.1
36400 0.1
36500 0.1
36600 0.1
36700 0.1
36800 0.1
36900 0.1
37000 0.1
37100 0.1
37200 0.1
37300 0.1
37400 0.1
37500 0.1
37600 0.1
37700 0.1
37800 0.1
37900 0.1
38000 0.1
38100 0.1
38200 0.1
38300 0.1
38400 0.1
38500 0.1
38600 0.1
38700 0.1
38800 0.1
38900 0.1
39000 0.1
39100 0.1
39200 0.1
39300 0.1
39400 0.1
39500 0.1
39600 0.1
39700 0.1
39800 0.1
39900 0.1
40000 0.1
40100 0.1
40200 0.1
40300 0.1
40400 0.1
40500 0.1
40600 0.1
40700 0.1
40800 0.1
40900 0.1
41000 0.1
41100 0.1
41200 0.1
41300 0.1
41400 0.1
41500 0.1
41600 0.1
41700 0.1
41800 0.1
41900 0.1
42000 0.1
42100 0.1
42200 0.1
42300 0.1
42400 0.1
42500 0.1
42600 0.1
42700 0.1
42800 0.1
42900 0.1
43000 0.1
43100 0.1
43200 0.1
43300 0.1
43400 0.1
43500 0.1
43600 0.1
43700 0.1
43800 0.1
43900 0.1
44000 0.1
44100 0.1
44200 0.1
44300 0.1
44400 0.1
44500 0.1
44600 0.1
44700 0.1
44800 0.1
44900 0.1
45000 0.1
45100 0.1
45200 0.1
45300 0.1
45400 0.1
45500 0.1
45600 0.1
45700 0.1
45800 0.1
45900 0.1
46000 0.1
46100 0.1
46200 0.1
46300 0.1
46400 0.1
46500 0.1
46600 0.1
46700 0.1
46800 0.1
46900 0.1
47000 0.1
47100 0.1
47200 0.1
47300 0.1
47400 0.1
47500 0.1
47600 0.1
47700 0.1
47800 0.1
47900 0.1
48000 0.1
48100 0.1
48200 0.1
48300 0.1
48400 0.1
48500 0.1
48600 0.1
48700 0.1
48800 0.1
48900 0.1
49000 0.1
49100 0.1
49200 0.1
49300 0.1
49400 0.1
49500 0.1
49600 0.1
49700 0.1
49800 0.1
49900 0.1
50000 0.1
50100 0.1
50200 0.1
50300 0.1
50400 0.1
50500 0.1
50600 0.1
50700 0.1
50800 0.1
50900 0.1
51000 0.1
51100 0.1
51200 0.1
51300 0.1
51400 0.1
51500 0.1
51600 0.1
51700 0.1
51800 0.1
51900 0.1
52000 0.1
52100 0.1
52200 0.1
52300 0.1
52400 0.1
52500 0.1
52600 0.1
52700 0.1
52800 0.1
52900 0.1
53000 0.1
53100 0.1
53200 0.1
53300 0.1
53400 0.1
53500 0.1
53600 0.1
53700 0.1
53800 0.1
53900 0.1
54000 0.1
54100 0.1
54200 0.1
54300 0.1
54400 0.1
54500 0.1
54600 0.1
54700 0.1
54800 0.1
54900 0.1
55000 0.1
55100 0.1
55200 0.1
55300 0.1
55400 0.1
55500 0.1
55600 0.1
55700 0.1
55800 0.1
55900 0.1
56000 0.1
56100 0.1
56200 0.1
56300 0.1
56400 0.1
56500 0.1
56600 0.1
56700 0.1
56800 0.1
56900 0.1
57000 0.1
57100 0.1
57200 0.1
57300 0.1
57400 0.1
57500 0.1
57600 0.1
57700 0.1
57800 0.1
57900 0.1
58000 0.1
58100 0.1
58200 0.1
58300 0.1
58400 0.1
58500 0.1
58600 0.1
58700 0.1
58800 0.1
58900 0.1
59000 0.1
59100 0.1
59200 0.1
59300 0.1
59400 0.1
59500 0.1
59600 0.1
59700 0.1
59800 0.1
59900 0.1
60000 0.1
60100 0.1
60200 0.1
60300 0.1
60400 0.1
60500 0.1
60600 0.1
60700 0.1
60800 0.1
60900 0.1
61000 0.1
61100 0.1
61200 0.1
61300 0.1
61400 0.1
61500 0.1
61600 0.1
61700 0.1
61800 0.1
61900 0.1
62000 0.1
62100 0.1
62200 0.1
62300 0.1
62400 0.1
62500 0.1
62600 0.1
62700 0.1
62800 0.1
62900 0.1
63000 0.1
63100 0.1
63200 0.1
63300 0.1
63400 0.1
63500 0.1
63600 0.1
63700 0.1
63800 0.1
63900 0.1
64000 0.1
64100 0.1
64200 0.1
64300 0.1
64400 0.1
64500 0.1
64600 0.1
64700 0.1
64800 0.1
64900 0.1
65000 0.1
65100 0.1
65200 0.1
65300 0.1
65400 0.1
65500 0.1
65600 0.1
65700 0.1
65800 0.1
65900 0.1
66000 0.1
66100 0.1
66200 0.1
66300 0.1
66400 0.1
66500 0.1
66600 0.1
66700 0.1
66800 0.1
66900 0.1
67000 0.1
67100 0.1
67200 0.1
67300 0.1
67400 0.1
67500 0.1
67600 0.1
67700 0.1
67800 0.1
67900 0.1
68000 0.1
68100 0.1
68200 0.1
68300 0.1
68400 0.1
68500 0.1
68600 0.1
68700 0.1
68800 0.1
68900 0.1
69000 0.1
69100 0.1
69200 0.1
69300 0.1
69400 0.1
69500 0.1
69600 0.1
69700 0.1
69800 0.1
69900 0.1
70000 0.1
};
\addlegendentry{theta}
\end{axis}

\end{tikzpicture}
