0 [5.00e-01, 5.00e-01]
1 [5.01e-01, 4.99e-01]
2 [5.02e-01, 4.98e-01]
3 [5.03e-01, 4.97e-01]
4 [5.04e-01, 4.96e-01]
5 [5.05e-01, 4.95e-01]
6 [5.06e-01, 4.94e-01]
7 [5.07e-01, 4.93e-01]
8 [5.08e-01, 4.92e-01]
9 [5.09e-01, 4.91e-01]
10 [5.10e-01, 4.90e-01]
11 [5.11e-01, 4.89e-01]
12 [5.12e-01, 4.88e-01]
13 [5.13e-01, 4.87e-01]
14 [5.14e-01, 4.86e-01]
15 [5.15e-01, 4.84e-01]
16 [5.17e-01, 4.83e-01]
17 [5.18e-01, 4.82e-01]
18 [5.19e-01, 4.81e-01]
19 [5.20e-01, 4.80e-01]
20 [5.21e-01, 4.79e-01]
21 [5.22e-01, 4.78e-01]
22 [5.23e-01, 4.77e-01]
23 [5.25e-01, 4.75e-01]
24 [5.26e-01, 4.74e-01]
25 [5.27e-01, 4.73e-01]
26 [5.28e-01, 4.72e-01]
27 [5.29e-01, 4.71e-01]
28 [5.31e-01, 4.69e-01]
29 [5.32e-01, 4.68e-01]
30 [5.33e-01, 4.67e-01]
31 [5.35e-01, 4.66e-01]
32 [5.36e-01, 4.64e-01]
33 [5.37e-01, 4.63e-01]
34 [5.38e-01, 4.62e-01]
35 [5.40e-01, 4.61e-01]
36 [5.41e-01, 4.59e-01]
37 [5.42e-01, 4.58e-01]
38 [5.43e-01, 4.57e-01]
39 [5.44e-01, 4.56e-01]
40 [5.46e-01, 4.55e-01]
41 [5.47e-01, 4.53e-01]
42 [5.48e-01, 4.52e-01]
43 [5.49e-01, 4.51e-01]
44 [5.49e-01, 4.50e-01]
45 [5.50e-01, 4.49e-01]
46 [5.51e-01, 4.48e-01]
47 [5.51e-01, 4.47e-01]
48 [5.51e-01, 4.46e-01]
49 [5.51e-01, 4.45e-01]
50 [5.51e-01, 4.44e-01]
51 [5.51e-01, 4.44e-01]
52 [5.50e-01, 4.43e-01]
53 [5.50e-01, 4.43e-01]
54 [5.49e-01, 4.42e-01]
55 [5.48e-01, 4.42e-01]
56 [5.47e-01, 4.41e-01]
57 [5.46e-01, 4.41e-01]
58 [5.44e-01, 4.41e-01]
59 [5.43e-01, 4.41e-01]
60 [5.42e-01, 4.41e-01]
61 [5.40e-01, 4.41e-01]
62 [5.39e-01, 4.41e-01]
63 [5.37e-01, 4.41e-01]
64 [5.36e-01, 4.42e-01]
65 [5.34e-01, 4.42e-01]
66 [5.33e-01, 4.42e-01]
67 [5.31e-01, 4.43e-01]
68 [5.29e-01, 4.43e-01]
69 [5.28e-01, 4.44e-01]
70 [5.26e-01, 4.44e-01]
71 [5.25e-01, 4.45e-01]
72 [5.23e-01, 4.45e-01]
73 [5.22e-01, 4.46e-01]
74 [5.21e-01, 4.46e-01]
75 [5.19e-01, 4.47e-01]
76 [5.18e-01, 4.47e-01]
77 [5.17e-01, 4.47e-01]
78 [5.16e-01, 4.48e-01]
79 [5.15e-01, 4.48e-01]
80 [5.14e-01, 4.48e-01]
81 [5.14e-01, 4.49e-01]
82 [5.13e-01, 4.49e-01]
83 [5.12e-01, 4.49e-01]
84 [5.12e-01, 4.49e-01]
85 [5.12e-01, 4.49e-01]
86 [5.12e-01, 4.49e-01]
87 [5.11e-01, 4.49e-01]
88 [5.11e-01, 4.49e-01]
89 [5.11e-01, 4.49e-01]
90 [5.11e-01, 4.49e-01]
91 [5.11e-01, 4.49e-01]
92 [5.11e-01, 4.49e-01]
93 [5.10e-01, 4.49e-01]
94 [5.10e-01, 4.49e-01]
95 [5.09e-01, 4.49e-01]
96 [5.08e-01, 4.50e-01]
97 [5.07e-01, 4.50e-01]
98 [5.06e-01, 4.51e-01]
99 [5.04e-01, 4.52e-01]
100 [5.03e-01, 4.53e-01]
101 [5.01e-01, 4.55e-01]
102 [4.99e-01, 4.56e-01]
103 [4.97e-01, 4.58e-01]
104 [4.95e-01, 4.59e-01]
105 [4.93e-01, 4.61e-01]
106 [4.91e-01, 4.63e-01]
107 [4.89e-01, 4.65e-01]
108 [4.86e-01, 4.67e-01]
109 [4.84e-01, 4.69e-01]
110 [4.82e-01, 4.72e-01]
111 [4.80e-01, 4.74e-01]
112 [4.77e-01, 4.76e-01]
113 [4.75e-01, 4.78e-01]
114 [4.72e-01, 4.81e-01]
115 [4.70e-01, 4.83e-01]
116 [4.68e-01, 4.85e-01]
117 [4.65e-01, 4.88e-01]
118 [4.63e-01, 4.90e-01]
119 [4.61e-01, 4.92e-01]
120 [4.58e-01, 4.95e-01]
121 [4.56e-01, 4.97e-01]
122 [4.53e-01, 5.00e-01]
123 [4.51e-01, 5.02e-01]
124 [4.48e-01, 5.05e-01]
125 [4.46e-01, 5.07e-01]
126 [4.43e-01, 5.09e-01]
127 [4.41e-01, 5.12e-01]
128 [4.38e-01, 5.14e-01]
129 [4.36e-01, 5.17e-01]
130 [4.34e-01, 5.19e-01]
131 [4.31e-01, 5.22e-01]
132 [4.29e-01, 5.24e-01]
133 [4.26e-01, 5.27e-01]
134 [4.24e-01, 5.29e-01]
135 [4.21e-01, 5.31e-01]
136 [4.19e-01, 5.34e-01]
137 [4.16e-01, 5.36e-01]
138 [4.14e-01, 5.39e-01]
139 [4.11e-01, 5.41e-01]
140 [4.09e-01, 5.44e-01]
141 [4.06e-01, 5.46e-01]
142 [4.04e-01, 5.49e-01]
143 [4.01e-01, 5.51e-01]
144 [3.99e-01, 5.53e-01]
145 [3.96e-01, 5.56e-01]
146 [3.94e-01, 5.58e-01]
147 [3.91e-01, 5.61e-01]
148 [3.89e-01, 5.63e-01]
149 [3.86e-01, 5.66e-01]
150 [3.84e-01, 5.68e-01]
151 [3.81e-01, 5.70e-01]
152 [3.79e-01, 5.73e-01]
153 [3.76e-01, 5.75e-01]
154 [3.74e-01, 5.78e-01]
155 [3.71e-01, 5.80e-01]
156 [3.69e-01, 5.82e-01]
157 [3.66e-01, 5.85e-01]
158 [3.64e-01, 5.87e-01]
159 [3.62e-01, 5.89e-01]
160 [3.59e-01, 5.92e-01]
161 [3.57e-01, 5.94e-01]
162 [3.54e-01, 5.96e-01]
163 [3.52e-01, 5.99e-01]
164 [3.49e-01, 6.01e-01]
165 [3.47e-01, 6.03e-01]
166 [3.44e-01, 6.06e-01]
167 [3.42e-01, 6.08e-01]
168 [3.40e-01, 6.10e-01]
169 [3.37e-01, 6.13e-01]
170 [3.35e-01, 6.15e-01]
171 [3.32e-01, 6.17e-01]
172 [3.30e-01, 6.20e-01]
173 [3.27e-01, 6.22e-01]
174 [3.25e-01, 6.24e-01]
175 [3.23e-01, 6.26e-01]
176 [3.20e-01, 6.29e-01]
177 [3.18e-01, 6.31e-01]
178 [3.15e-01, 6.33e-01]
179 [3.13e-01, 6.35e-01]
180 [3.11e-01, 6.38e-01]
181 [3.08e-01, 6.40e-01]
182 [3.06e-01, 6.42e-01]
183 [3.03e-01, 6.44e-01]
184 [3.01e-01, 6.46e-01]
185 [2.99e-01, 6.49e-01]
186 [2.96e-01, 6.51e-01]
187 [2.94e-01, 6.53e-01]
188 [2.92e-01, 6.55e-01]
189 [2.89e-01, 6.57e-01]
190 [2.87e-01, 6.59e-01]
191 [2.85e-01, 6.61e-01]
192 [2.82e-01, 6.64e-01]
193 [2.80e-01, 6.66e-01]
194 [2.78e-01, 6.68e-01]
195 [2.75e-01, 6.70e-01]
196 [2.73e-01, 6.72e-01]
197 [2.71e-01, 6.74e-01]
198 [2.68e-01, 6.76e-01]
199 [2.66e-01, 6.78e-01]
200 [2.64e-01, 6.80e-01]
201 [2.61e-01, 6.82e-01]
202 [2.59e-01, 6.84e-01]
203 [2.57e-01, 6.86e-01]
204 [2.55e-01, 6.88e-01]
205 [2.52e-01, 6.90e-01]
206 [2.50e-01, 6.92e-01]
207 [2.48e-01, 6.94e-01]
208 [2.46e-01, 6.96e-01]
209 [2.43e-01, 6.98e-01]
210 [2.41e-01, 7.00e-01]
211 [2.39e-01, 7.01e-01]
212 [2.37e-01, 7.03e-01]
213 [2.34e-01, 7.05e-01]
214 [2.32e-01, 7.07e-01]
215 [2.30e-01, 7.09e-01]
216 [2.28e-01, 7.11e-01]
217 [2.26e-01, 7.12e-01]
218 [2.23e-01, 7.14e-01]
219 [2.21e-01, 7.16e-01]
220 [2.19e-01, 7.18e-01]
221 [2.17e-01, 7.19e-01]
222 [2.15e-01, 7.21e-01]
223 [2.13e-01, 7.23e-01]
224 [2.10e-01, 7.24e-01]
225 [2.08e-01, 7.26e-01]
226 [2.06e-01, 7.28e-01]
227 [2.04e-01, 7.29e-01]
228 [2.02e-01, 7.31e-01]
229 [2.00e-01, 7.32e-01]
230 [1.98e-01, 7.34e-01]
231 [1.96e-01, 7.35e-01]
232 [1.93e-01, 7.37e-01]
233 [1.91e-01, 7.38e-01]
234 [1.89e-01, 7.40e-01]
235 [1.87e-01, 7.41e-01]
236 [1.85e-01, 7.43e-01]
237 [1.83e-01, 7.44e-01]
238 [1.81e-01, 7.45e-01]
239 [1.79e-01, 7.46e-01]
240 [1.77e-01, 7.48e-01]
241 [1.75e-01, 7.49e-01]
242 [1.73e-01, 7.50e-01]
243 [1.71e-01, 7.51e-01]
244 [1.69e-01, 7.53e-01]
245 [1.67e-01, 7.54e-01]
246 [1.65e-01, 7.55e-01]
247 [1.63e-01, 7.56e-01]
248 [1.61e-01, 7.57e-01]
249 [1.59e-01, 7.58e-01]
250 [1.57e-01, 7.59e-01]
251 [1.55e-01, 7.60e-01]
252 [1.53e-01, 7.61e-01]
253 [1.51e-01, 7.61e-01]
254 [1.49e-01, 7.62e-01]
255 [1.47e-01, 7.63e-01]
256 [1.46e-01, 7.64e-01]
257 [1.44e-01, 7.64e-01]
258 [1.42e-01, 7.65e-01]
259 [1.40e-01, 7.65e-01]
260 [1.38e-01, 7.66e-01]
261 [1.36e-01, 7.66e-01]
262 [1.34e-01, 7.67e-01]
263 [1.33e-01, 7.67e-01]
264 [1.31e-01, 7.67e-01]
265 [1.29e-01, 7.68e-01]
266 [1.27e-01, 7.68e-01]
267 [1.25e-01, 7.68e-01]
268 [1.24e-01, 7.68e-01]
269 [1.22e-01, 7.68e-01]
270 [1.20e-01, 7.68e-01]
271 [1.18e-01, 7.68e-01]
272 [1.17e-01, 7.68e-01]
273 [1.15e-01, 7.68e-01]
274 [1.13e-01, 7.67e-01]
275 [1.12e-01, 7.67e-01]
276 [1.10e-01, 7.67e-01]
277 [1.08e-01, 7.66e-01]
278 [1.07e-01, 7.66e-01]
279 [1.05e-01, 7.65e-01]
280 [1.03e-01, 7.64e-01]
281 [1.02e-01, 7.64e-01]
282 [1.00e-01, 7.63e-01]
283 [9.86e-02, 7.62e-01]
284 [9.71e-02, 7.61e-01]
285 [9.55e-02, 7.60e-01]
286 [9.40e-02, 7.59e-01]
287 [9.25e-02, 7.58e-01]
288 [9.10e-02, 7.57e-01]
289 [8.95e-02, 7.56e-01]
290 [8.80e-02, 7.54e-01]
291 [8.65e-02, 7.53e-01]
292 [8.51e-02, 7.51e-01]
293 [8.36e-02, 7.50e-01]
294 [8.22e-02, 7.48e-01]
295 [8.08e-02, 7.47e-01]
296 [7.94e-02, 7.45e-01]
297 [7.81e-02, 7.43e-01]
298 [7.67e-02, 7.42e-01]
299 [7.54e-02, 7.40e-01]
300 [7.40e-02, 7.38e-01]
301 [7.27e-02, 7.36e-01]
302 [7.14e-02, 7.34e-01]
303 [7.01e-02, 7.32e-01]
304 [6.89e-02, 7.30e-01]
305 [6.76e-02, 7.28e-01]
306 [6.64e-02, 7.26e-01]
307 [6.52e-02, 7.24e-01]
308 [6.40e-02, 7.22e-01]
309 [6.28e-02, 7.20e-01]
310 [6.17e-02, 7.17e-01]
311 [6.05e-02, 7.15e-01]
312 [5.94e-02, 7.13e-01]
313 [5.83e-02, 7.11e-01]
314 [5.72e-02, 7.08e-01]
315 [5.61e-02, 7.06e-01]
316 [5.51e-02, 7.04e-01]
317 [5.40e-02, 7.01e-01]
318 [5.30e-02, 6.99e-01]
319 [5.20e-02, 6.96e-01]
320 [5.10e-02, 6.94e-01]
321 [5.01e-02, 6.91e-01]
322 [4.91e-02, 6.89e-01]
323 [4.82e-02, 6.86e-01]
324 [4.73e-02, 6.84e-01]
325 [4.64e-02, 6.81e-01]
326 [4.55e-02, 6.79e-01]
327 [4.46e-02, 6.76e-01]
328 [4.38e-02, 6.74e-01]
329 [4.30e-02, 6.71e-01]
330 [4.21e-02, 6.69e-01]
331 [4.14e-02, 6.66e-01]
332 [4.06e-02, 6.64e-01]
333 [3.98e-02, 6.61e-01]
334 [3.91e-02, 6.59e-01]
335 [3.84e-02, 6.56e-01]
336 [3.77e-02, 6.53e-01]
337 [3.70e-02, 6.51e-01]
338 [3.63e-02, 6.48e-01]
339 [3.57e-02, 6.46e-01]
340 [3.51e-02, 6.43e-01]
341 [3.44e-02, 6.41e-01]
342 [3.39e-02, 6.38e-01]
343 [3.33e-02, 6.35e-01]
344 [3.27e-02, 6.33e-01]
345 [3.22e-02, 6.30e-01]
346 [3.16e-02, 6.28e-01]
347 [3.11e-02, 6.25e-01]
348 [3.06e-02, 6.23e-01]
349 [3.01e-02, 6.20e-01]
350 [2.97e-02, 6.18e-01]
351 [2.92e-02, 6.15e-01]
352 [2.88e-02, 6.12e-01]
353 [2.83e-02, 6.10e-01]
354 [2.79e-02, 6.07e-01]
355 [2.75e-02, 6.05e-01]
356 [2.71e-02, 6.02e-01]
357 [2.68e-02, 6.00e-01]
358 [2.64e-02, 5.97e-01]
359 [2.61e-02, 5.95e-01]
360 [2.57e-02, 5.92e-01]
361 [2.54e-02, 5.90e-01]
362 [2.51e-02, 5.88e-01]
363 [2.48e-02, 5.85e-01]
364 [2.45e-02, 5.83e-01]
365 [2.42e-02, 5.80e-01]
366 [2.40e-02, 5.78e-01]
367 [2.37e-02, 5.75e-01]
368 [2.35e-02, 5.73e-01]
369 [2.32e-02, 5.70e-01]
370 [2.30e-02, 5.68e-01]
371 [2.28e-02, 5.66e-01]
372 [2.26e-02, 5.63e-01]
373 [2.23e-02, 5.61e-01]
374 [2.21e-02, 5.59e-01]
375 [2.20e-02, 5.56e-01]
376 [2.18e-02, 5.54e-01]
377 [2.16e-02, 5.51e-01]
378 [2.14e-02, 5.49e-01]
379 [2.12e-02, 5.47e-01]
380 [2.11e-02, 5.45e-01]
381 [2.09e-02, 5.42e-01]
382 [2.08e-02, 5.40e-01]
383 [2.06e-02, 5.38e-01]
384 [2.05e-02, 5.35e-01]
385 [2.03e-02, 5.33e-01]
386 [2.02e-02, 5.31e-01]
387 [2.01e-02, 5.29e-01]
388 [1.99e-02, 5.26e-01]
389 [1.98e-02, 5.24e-01]
390 [1.97e-02, 5.22e-01]
391 [1.96e-02, 5.20e-01]
392 [1.94e-02, 5.17e-01]
393 [1.93e-02, 5.15e-01]
394 [1.92e-02, 5.13e-01]
395 [1.91e-02, 5.11e-01]
396 [1.90e-02, 5.09e-01]
397 [1.88e-02, 5.07e-01]
398 [1.87e-02, 5.04e-01]
399 [1.86e-02, 5.02e-01]
400 [1.85e-02, 5.00e-01]
401 [1.84e-02, 4.98e-01]
402 [1.83e-02, 4.96e-01]
403 [1.82e-02, 4.94e-01]
404 [1.81e-02, 4.92e-01]
405 [1.80e-02, 4.89e-01]
406 [1.79e-02, 4.87e-01]
407 [1.77e-02, 4.85e-01]
408 [1.76e-02, 4.83e-01]
409 [1.75e-02, 4.81e-01]
410 [1.74e-02, 4.79e-01]
411 [1.73e-02, 4.77e-01]
412 [1.72e-02, 4.75e-01]
413 [1.71e-02, 4.73e-01]
414 [1.70e-02, 4.71e-01]
415 [1.69e-02, 4.69e-01]
416 [1.68e-02, 4.67e-01]
417 [1.67e-02, 4.65e-01]
418 [1.66e-02, 4.63e-01]
419 [1.65e-02, 4.61e-01]
420 [1.64e-02, 4.59e-01]
421 [1.63e-02, 4.57e-01]
422 [1.62e-02, 4.55e-01]
423 [1.61e-02, 4.53e-01]
424 [1.59e-02, 4.51e-01]
425 [1.58e-02, 4.49e-01]
426 [1.57e-02, 4.47e-01]
427 [1.56e-02, 4.45e-01]
428 [1.55e-02, 4.43e-01]
429 [1.54e-02, 4.41e-01]
430 [1.53e-02, 4.39e-01]
431 [1.52e-02, 4.37e-01]
432 [1.51e-02, 4.35e-01]
433 [1.50e-02, 4.33e-01]
434 [1.49e-02, 4.32e-01]
435 [1.48e-02, 4.30e-01]
436 [1.47e-02, 4.28e-01]
437 [1.46e-02, 4.26e-01]
438 [1.45e-02, 4.24e-01]
439 [1.45e-02, 4.22e-01]
440 [1.44e-02, 4.20e-01]
441 [1.43e-02, 4.18e-01]
442 [1.42e-02, 4.16e-01]
443 [1.41e-02, 4.15e-01]
444 [1.40e-02, 4.13e-01]
445 [1.39e-02, 4.11e-01]
446 [1.38e-02, 4.09e-01]
447 [1.37e-02, 4.07e-01]
448 [1.36e-02, 4.05e-01]
449 [1.35e-02, 4.03e-01]
450 [1.35e-02, 4.02e-01]
451 [1.34e-02, 4.00e-01]
452 [1.33e-02, 3.98e-01]
453 [1.32e-02, 3.96e-01]
454 [1.31e-02, 3.94e-01]
455 [1.30e-02, 3.92e-01]
456 [1.29e-02, 3.91e-01]
457 [1.29e-02, 3.89e-01]
458 [1.28e-02, 3.87e-01]
459 [1.27e-02, 3.85e-01]
460 [1.26e-02, 3.84e-01]
461 [1.25e-02, 3.82e-01]
462 [1.25e-02, 3.80e-01]
463 [1.24e-02, 3.78e-01]
464 [1.23e-02, 3.76e-01]
465 [1.22e-02, 3.75e-01]
466 [1.21e-02, 3.73e-01]
467 [1.21e-02, 3.71e-01]
468 [1.20e-02, 3.69e-01]
469 [1.19e-02, 3.68e-01]
470 [1.18e-02, 3.66e-01]
471 [1.18e-02, 3.64e-01]
472 [1.17e-02, 3.62e-01]
473 [1.16e-02, 3.61e-01]
474 [1.15e-02, 3.59e-01]
475 [1.15e-02, 3.57e-01]
476 [1.14e-02, 3.56e-01]
477 [1.13e-02, 3.54e-01]
478 [1.12e-02, 3.52e-01]
479 [1.12e-02, 3.50e-01]
480 [1.11e-02, 3.49e-01]
481 [1.10e-02, 3.47e-01]
482 [1.10e-02, 3.45e-01]
483 [1.09e-02, 3.44e-01]
484 [1.08e-02, 3.42e-01]
485 [1.07e-02, 3.40e-01]
486 [1.07e-02, 3.39e-01]
487 [1.06e-02, 3.37e-01]
488 [1.05e-02, 3.35e-01]
489 [1.05e-02, 3.34e-01]
490 [1.04e-02, 3.32e-01]
491 [1.03e-02, 3.30e-01]
492 [1.03e-02, 3.29e-01]
493 [1.02e-02, 3.27e-01]
494 [1.01e-02, 3.25e-01]
495 [1.01e-02, 3.24e-01]
496 [9.99e-03, 3.22e-01]
497 [9.92e-03, 3.20e-01]
498 [9.86e-03, 3.19e-01]
499 [9.79e-03, 3.17e-01]
500 [9.73e-03, 3.16e-01]
501 [9.66e-03, 3.14e-01]
502 [9.60e-03, 3.12e-01]
503 [9.53e-03, 3.11e-01]
504 [9.47e-03, 3.09e-01]
505 [9.41e-03, 3.08e-01]
506 [9.34e-03, 3.06e-01]
507 [9.28e-03, 3.04e-01]
508 [9.22e-03, 3.03e-01]
509 [9.16e-03, 3.01e-01]
510 [9.10e-03, 3.00e-01]
511 [9.03e-03, 2.98e-01]
512 [8.97e-03, 2.97e-01]
513 [8.91e-03, 2.95e-01]
514 [8.85e-03, 2.93e-01]
515 [8.79e-03, 2.92e-01]
516 [8.73e-03, 2.90e-01]
517 [8.67e-03, 2.89e-01]
518 [8.61e-03, 2.87e-01]
519 [8.56e-03, 2.86e-01]
520 [8.50e-03, 2.84e-01]
521 [8.44e-03, 2.83e-01]
522 [8.38e-03, 2.81e-01]
523 [8.32e-03, 2.80e-01]
524 [8.27e-03, 2.78e-01]
525 [8.21e-03, 2.77e-01]
526 [8.15e-03, 2.75e-01]
527 [8.10e-03, 2.73e-01]
528 [8.04e-03, 2.72e-01]
529 [7.98e-03, 2.70e-01]
530 [7.93e-03, 2.69e-01]
531 [7.87e-03, 2.67e-01]
532 [7.82e-03, 2.66e-01]
533 [7.76e-03, 2.65e-01]
534 [7.71e-03, 2.63e-01]
535 [7.66e-03, 2.62e-01]
536 [7.60e-03, 2.60e-01]
537 [7.55e-03, 2.59e-01]
538 [7.49e-03, 2.57e-01]
539 [7.44e-03, 2.56e-01]
540 [7.39e-03, 2.54e-01]
541 [7.34e-03, 2.53e-01]
542 [7.28e-03, 2.51e-01]
543 [7.23e-03, 2.50e-01]
544 [7.18e-03, 2.48e-01]
545 [7.13e-03, 2.47e-01]
546 [7.08e-03, 2.46e-01]
547 [7.03e-03, 2.44e-01]
548 [6.98e-03, 2.43e-01]
549 [6.93e-03, 2.41e-01]
550 [6.88e-03, 2.40e-01]
551 [6.83e-03, 2.38e-01]
552 [6.78e-03, 2.37e-01]
553 [6.73e-03, 2.36e-01]
554 [6.68e-03, 2.34e-01]
555 [6.63e-03, 2.33e-01]
556 [6.58e-03, 2.31e-01]
557 [6.53e-03, 2.30e-01]
558 [6.48e-03, 2.29e-01]
559 [6.44e-03, 2.27e-01]
560 [6.39e-03, 2.26e-01]
561 [6.34e-03, 2.25e-01]
562 [6.29e-03, 2.23e-01]
563 [6.25e-03, 2.22e-01]
564 [6.20e-03, 2.21e-01]
565 [6.16e-03, 2.19e-01]
566 [6.11e-03, 2.18e-01]
567 [6.06e-03, 2.16e-01]
568 [6.02e-03, 2.15e-01]
569 [5.97e-03, 2.14e-01]
570 [5.93e-03, 2.12e-01]
571 [5.88e-03, 2.11e-01]
572 [5.84e-03, 2.10e-01]
573 [5.79e-03, 2.08e-01]
574 [5.75e-03, 2.07e-01]
575 [5.71e-03, 2.06e-01]
576 [5.66e-03, 2.05e-01]
577 [5.62e-03, 2.03e-01]
578 [5.57e-03, 2.02e-01]
579 [5.53e-03, 2.01e-01]
580 [5.49e-03, 1.99e-01]
581 [5.45e-03, 1.98e-01]
582 [5.40e-03, 1.97e-01]
583 [5.36e-03, 1.95e-01]
584 [5.32e-03, 1.94e-01]
585 [5.28e-03, 1.93e-01]
586 [5.24e-03, 1.92e-01]
587 [5.20e-03, 1.90e-01]
588 [5.16e-03, 1.89e-01]
589 [5.11e-03, 1.88e-01]
590 [5.07e-03, 1.87e-01]
591 [5.03e-03, 1.85e-01]
592 [4.99e-03, 1.84e-01]
593 [4.95e-03, 1.83e-01]
594 [4.91e-03, 1.82e-01]
595 [4.87e-03, 1.80e-01]
596 [4.84e-03, 1.79e-01]
597 [4.80e-03, 1.78e-01]
598 [4.76e-03, 1.77e-01]
599 [4.72e-03, 1.76e-01]
600 [4.68e-03, 1.74e-01]
601 [4.64e-03, 1.73e-01]
602 [4.60e-03, 1.72e-01]
603 [4.57e-03, 1.71e-01]
604 [4.53e-03, 1.70e-01]
605 [4.49e-03, 1.68e-01]
606 [4.45e-03, 1.67e-01]
607 [4.42e-03, 1.66e-01]
608 [4.38e-03, 1.65e-01]
609 [4.34e-03, 1.64e-01]
610 [4.31e-03, 1.62e-01]
611 [4.27e-03, 1.61e-01]
612 [4.24e-03, 1.60e-01]
613 [4.20e-03, 1.59e-01]
614 [4.17e-03, 1.58e-01]
615 [4.13e-03, 1.57e-01]
616 [4.10e-03, 1.56e-01]
617 [4.06e-03, 1.54e-01]
618 [4.03e-03, 1.53e-01]
619 [3.99e-03, 1.52e-01]
620 [3.96e-03, 1.51e-01]
621 [3.92e-03, 1.50e-01]
622 [3.89e-03, 1.49e-01]
623 [3.86e-03, 1.48e-01]
624 [3.82e-03, 1.47e-01]
625 [3.79e-03, 1.46e-01]
626 [3.76e-03, 1.44e-01]
627 [3.72e-03, 1.43e-01]
628 [3.69e-03, 1.42e-01]
629 [3.66e-03, 1.41e-01]
630 [3.63e-03, 1.40e-01]
631 [3.59e-03, 1.39e-01]
632 [3.56e-03, 1.38e-01]
633 [3.53e-03, 1.37e-01]
634 [3.50e-03, 1.36e-01]
635 [3.47e-03, 1.35e-01]
636 [3.44e-03, 1.34e-01]
637 [3.40e-03, 1.33e-01]
638 [3.37e-03, 1.32e-01]
639 [3.34e-03, 1.31e-01]
640 [3.31e-03, 1.30e-01]
641 [3.28e-03, 1.28e-01]
642 [3.25e-03, 1.27e-01]
643 [3.22e-03, 1.26e-01]
644 [3.19e-03, 1.25e-01]
645 [3.16e-03, 1.24e-01]
646 [3.13e-03, 1.23e-01]
647 [3.11e-03, 1.22e-01]
648 [3.08e-03, 1.21e-01]
649 [3.05e-03, 1.20e-01]
650 [3.02e-03, 1.19e-01]
651 [2.99e-03, 1.18e-01]
652 [2.96e-03, 1.17e-01]
653 [2.93e-03, 1.16e-01]
654 [2.91e-03, 1.16e-01]
655 [2.88e-03, 1.15e-01]
656 [2.85e-03, 1.14e-01]
657 [2.82e-03, 1.13e-01]
658 [2.80e-03, 1.12e-01]
659 [2.77e-03, 1.11e-01]
660 [2.74e-03, 1.10e-01]
661 [2.72e-03, 1.09e-01]
662 [2.69e-03, 1.08e-01]
663 [2.66e-03, 1.07e-01]
664 [2.64e-03, 1.06e-01]
665 [2.61e-03, 1.05e-01]
666 [2.59e-03, 1.04e-01]
667 [2.56e-03, 1.03e-01]
668 [2.54e-03, 1.02e-01]
669 [2.51e-03, 1.01e-01]
670 [2.49e-03, 1.01e-01]
671 [2.46e-03, 9.97e-02]
672 [2.44e-03, 9.88e-02]
673 [2.41e-03, 9.79e-02]
674 [2.39e-03, 9.71e-02]
675 [2.36e-03, 9.62e-02]
676 [2.34e-03, 9.53e-02]
677 [2.32e-03, 9.44e-02]
678 [2.29e-03, 9.36e-02]
679 [2.27e-03, 9.27e-02]
680 [2.24e-03, 9.19e-02]
681 [2.22e-03, 9.10e-02]
682 [2.20e-03, 9.02e-02]
683 [2.18e-03, 8.93e-02]
684 [2.15e-03, 8.85e-02]
685 [2.13e-03, 8.77e-02]
686 [2.11e-03, 8.69e-02]
687 [2.09e-03, 8.60e-02]
688 [2.06e-03, 8.52e-02]
689 [2.04e-03, 8.44e-02]
690 [2.02e-03, 8.36e-02]
691 [2.00e-03, 8.28e-02]
692 [1.98e-03, 8.20e-02]
693 [1.96e-03, 8.12e-02]
694 [1.94e-03, 8.04e-02]
695 [1.91e-03, 7.97e-02]
696 [1.89e-03, 7.89e-02]
697 [1.87e-03, 7.81e-02]
698 [1.85e-03, 7.73e-02]
699 [1.83e-03, 7.66e-02]
700 [1.81e-03, 7.58e-02]
701 [1.79e-03, 7.51e-02]
702 [1.77e-03, 7.43e-02]
703 [1.75e-03, 7.36e-02]
704 [1.73e-03, 7.28e-02]
705 [1.71e-03, 7.21e-02]
706 [1.69e-03, 7.14e-02]
707 [1.68e-03, 7.06e-02]
708 [1.66e-03, 6.99e-02]
709 [1.64e-03, 6.92e-02]
710 [1.62e-03, 6.85e-02]
711 [1.60e-03, 6.78e-02]
712 [1.58e-03, 6.71e-02]
713 [1.56e-03, 6.64e-02]
714 [1.55e-03, 6.57e-02]
715 [1.53e-03, 6.50e-02]
716 [1.51e-03, 6.43e-02]
717 [1.49e-03, 6.36e-02]
718 [1.48e-03, 6.29e-02]
719 [1.46e-03, 6.23e-02]
720 [1.44e-03, 6.16e-02]
721 [1.42e-03, 6.09e-02]
722 [1.41e-03, 6.03e-02]
723 [1.39e-03, 5.96e-02]
724 [1.37e-03, 5.90e-02]
725 [1.36e-03, 5.83e-02]
726 [1.34e-03, 5.77e-02]
727 [1.32e-03, 5.71e-02]
728 [1.31e-03, 5.64e-02]
729 [1.29e-03, 5.58e-02]
730 [1.28e-03, 5.52e-02]
731 [1.26e-03, 5.46e-02]
732 [1.25e-03, 5.39e-02]
733 [1.23e-03, 5.33e-02]
734 [1.22e-03, 5.27e-02]
735 [1.20e-03, 5.21e-02]
736 [1.19e-03, 5.15e-02]
737 [1.17e-03, 5.09e-02]
738 [1.16e-03, 5.04e-02]
739 [1.14e-03, 4.98e-02]
740 [1.13e-03, 4.92e-02]
741 [1.11e-03, 4.86e-02]
742 [1.10e-03, 4.81e-02]
743 [1.08e-03, 4.75e-02]
744 [1.07e-03, 4.69e-02]
745 [1.06e-03, 4.64e-02]
746 [1.04e-03, 4.58e-02]
747 [1.03e-03, 4.53e-02]
748 [1.02e-03, 4.47e-02]
749 [1.00e-03, 4.42e-02]
750 [9.90e-04, 4.37e-02]
751 [9.77e-04, 4.31e-02]
752 [9.64e-04, 4.26e-02]
753 [9.51e-04, 4.21e-02]
754 [9.39e-04, 4.16e-02]
755 [9.26e-04, 4.11e-02]
756 [9.14e-04, 4.06e-02]
757 [9.02e-04, 4.01e-02]
758 [8.89e-04, 3.96e-02]
759 [8.77e-04, 3.91e-02]
760 [8.66e-04, 3.86e-02]
761 [8.54e-04, 3.81e-02]
762 [8.42e-04, 3.76e-02]
763 [8.31e-04, 3.71e-02]
764 [8.19e-04, 3.67e-02]
765 [8.08e-04, 3.62e-02]
766 [7.97e-04, 3.57e-02]
767 [7.85e-04, 3.53e-02]
768 [7.75e-04, 3.48e-02]
769 [7.64e-04, 3.44e-02]
770 [7.53e-04, 3.39e-02]
771 [7.42e-04, 3.35e-02]
772 [7.32e-04, 3.30e-02]
773 [7.21e-04, 3.26e-02]
774 [7.11e-04, 3.22e-02]
775 [7.01e-04, 3.17e-02]
776 [6.91e-04, 3.13e-02]
777 [6.81e-04, 3.09e-02]
778 [6.71e-04, 3.05e-02]
779 [6.61e-04, 3.01e-02]
780 [6.52e-04, 2.96e-02]
781 [6.42e-04, 2.92e-02]
782 [6.33e-04, 2.88e-02]
783 [6.23e-04, 2.84e-02]
784 [6.14e-04, 2.81e-02]
785 [6.05e-04, 2.77e-02]
786 [5.96e-04, 2.73e-02]
787 [5.87e-04, 2.69e-02]
788 [5.78e-04, 2.65e-02]
789 [5.69e-04, 2.61e-02]
790 [5.61e-04, 2.58e-02]
791 [5.52e-04, 2.54e-02]
792 [5.44e-04, 2.50e-02]
793 [5.35e-04, 2.47e-02]
794 [5.27e-04, 2.43e-02]
795 [5.19e-04, 2.40e-02]
796 [5.11e-04, 2.36e-02]
797 [5.03e-04, 2.33e-02]
798 [4.95e-04, 2.30e-02]
799 [4.87e-04, 2.26e-02]
800 [4.80e-04, 2.23e-02]
801 [4.72e-04, 2.20e-02]
802 [4.65e-04, 2.16e-02]
803 [4.57e-04, 2.13e-02]
804 [4.50e-04, 2.10e-02]
805 [4.43e-04, 2.07e-02]
806 [4.36e-04, 2.04e-02]
807 [4.29e-04, 2.01e-02]
808 [4.22e-04, 1.97e-02]
809 [4.15e-04, 1.94e-02]
810 [4.08e-04, 1.92e-02]
811 [4.01e-04, 1.89e-02]
812 [3.95e-04, 1.86e-02]
813 [3.88e-04, 1.83e-02]
814 [3.82e-04, 1.80e-02]
815 [3.76e-04, 1.77e-02]
816 [3.69e-04, 1.74e-02]
817 [3.63e-04, 1.72e-02]
818 [3.57e-04, 1.69e-02]
819 [3.51e-04, 1.66e-02]
820 [3.45e-04, 1.64e-02]
821 [3.39e-04, 1.61e-02]
822 [3.33e-04, 1.58e-02]
823 [3.28e-04, 1.56e-02]
824 [3.22e-04, 1.53e-02]
825 [3.16e-04, 1.51e-02]
826 [3.11e-04, 1.48e-02]
827 [3.05e-04, 1.46e-02]
828 [3.00e-04, 1.43e-02]
829 [2.95e-04, 1.41e-02]
830 [2.90e-04, 1.39e-02]
831 [2.85e-04, 1.36e-02]
832 [2.80e-04, 1.34e-02]
833 [2.75e-04, 1.32e-02]
834 [2.70e-04, 1.30e-02]
835 [2.65e-04, 1.27e-02]
836 [2.60e-04, 1.25e-02]
837 [2.55e-04, 1.23e-02]
838 [2.51e-04, 1.21e-02]
839 [2.46e-04, 1.19e-02]
840 [2.42e-04, 1.17e-02]
841 [2.37e-04, 1.15e-02]
842 [2.33e-04, 1.13e-02]
843 [2.28e-04, 1.11e-02]
844 [2.24e-04, 1.09e-02]
845 [2.20e-04, 1.07e-02]
846 [2.16e-04, 1.05e-02]
847 [2.12e-04, 1.03e-02]
848 [2.08e-04, 1.01e-02]
849 [2.04e-04, 9.96e-03]
850 [2.00e-04, 9.78e-03]
851 [1.96e-04, 9.61e-03]
852 [1.92e-04, 9.43e-03]
853 [1.89e-04, 9.26e-03]
854 [1.85e-04, 9.09e-03]
855 [1.81e-04, 8.93e-03]
856 [1.78e-04, 8.76e-03]
857 [1.74e-04, 8.60e-03]
858 [1.71e-04, 8.44e-03]
859 [1.68e-04, 8.28e-03]
860 [1.64e-04, 8.13e-03]
861 [1.61e-04, 7.97e-03]
862 [1.58e-04, 7.82e-03]
863 [1.55e-04, 7.68e-03]
864 [1.52e-04, 7.53e-03]
865 [1.49e-04, 7.39e-03]
866 [1.46e-04, 7.24e-03]
867 [1.43e-04, 7.10e-03]
868 [1.40e-04, 6.97e-03]
869 [1.37e-04, 6.83e-03]
870 [1.34e-04, 6.70e-03]
871 [1.31e-04, 6.57e-03]
872 [1.28e-04, 6.44e-03]
873 [1.26e-04, 6.31e-03]
874 [1.23e-04, 6.19e-03]
875 [1.21e-04, 6.06e-03]
876 [1.18e-04, 5.94e-03]
877 [1.15e-04, 5.82e-03]
878 [1.13e-04, 5.71e-03]
879 [1.11e-04, 5.59e-03]
880 [1.08e-04, 5.48e-03]
881 [1.06e-04, 5.37e-03]
882 [1.04e-04, 5.26e-03]
883 [1.01e-04, 5.15e-03]
884 [9.92e-05, 5.04e-03]
885 [9.70e-05, 4.94e-03]
886 [9.49e-05, 4.84e-03]
887 [9.28e-05, 4.73e-03]
888 [9.07e-05, 4.63e-03]
889 [8.87e-05, 4.54e-03]
890 [8.67e-05, 4.44e-03]
891 [8.47e-05, 4.35e-03]
892 [8.28e-05, 4.25e-03]
893 [8.10e-05, 4.16e-03]
894 [7.91e-05, 4.07e-03]
895 [7.73e-05, 3.99e-03]
896 [7.55e-05, 3.90e-03]
897 [7.38e-05, 3.82e-03]
898 [7.21e-05, 3.73e-03]
899 [7.04e-05, 3.65e-03]
900 [6.88e-05, 3.57e-03]
901 [6.72e-05, 3.49e-03]
902 [6.56e-05, 3.41e-03]
903 [6.40e-05, 3.34e-03]
904 [6.25e-05, 3.26e-03]
905 [6.10e-05, 3.19e-03]
906 [5.96e-05, 3.12e-03]
907 [5.81e-05, 3.05e-03]
908 [5.67e-05, 2.98e-03]
909 [5.53e-05, 2.91e-03]
910 [5.40e-05, 2.84e-03]
911 [5.27e-05, 2.78e-03]
912 [5.14e-05, 2.71e-03]
913 [5.01e-05, 2.65e-03]
914 [4.89e-05, 2.59e-03]
915 [4.76e-05, 2.53e-03]
916 [4.64e-05, 2.47e-03]
917 [4.53e-05, 2.41e-03]
918 [4.41e-05, 2.35e-03]
919 [4.30e-05, 2.30e-03]
920 [4.19e-05, 2.24e-03]
921 [4.08e-05, 2.19e-03]
922 [3.98e-05, 2.14e-03]
923 [3.88e-05, 2.08e-03]
924 [3.78e-05, 2.03e-03]
925 [3.68e-05, 1.98e-03]
926 [3.58e-05, 1.94e-03]
927 [3.49e-05, 1.89e-03]
928 [3.39e-05, 1.84e-03]
929 [3.30e-05, 1.80e-03]
930 [3.21e-05, 1.75e-03]
931 [3.13e-05, 1.71e-03]
932 [3.04e-05, 1.66e-03]
933 [2.96e-05, 1.62e-03]
934 [2.88e-05, 1.58e-03]
935 [2.80e-05, 1.54e-03]
936 [2.72e-05, 1.50e-03]
937 [2.65e-05, 1.46e-03]
938 [2.57e-05, 1.43e-03]
939 [2.50e-05, 1.39e-03]
940 [2.43e-05, 1.35e-03]
941 [2.36e-05, 1.32e-03]
942 [2.30e-05, 1.28e-03]
943 [2.23e-05, 1.25e-03]
944 [2.17e-05, 1.22e-03]
945 [2.10e-05, 1.18e-03]
946 [2.04e-05, 1.15e-03]
947 [1.98e-05, 1.12e-03]
948 [1.92e-05, 1.09e-03]
949 [1.87e-05, 1.06e-03]
950 [1.81e-05, 1.03e-03]
951 [1.76e-05, 1.01e-03]
952 [1.70e-05, 9.78e-04]
953 [1.65e-05, 9.51e-04]
954 [1.60e-05, 9.25e-04]
955 [1.55e-05, 8.99e-04]
956 [1.51e-05, 8.74e-04]
957 [1.46e-05, 8.50e-04]
958 [1.41e-05, 8.26e-04]
959 [1.37e-05, 8.03e-04]
960 [1.33e-05, 7.80e-04]
961 [1.28e-05, 7.58e-04]
962 [1.24e-05, 7.36e-04]
963 [1.20e-05, 7.15e-04]
964 [1.16e-05, 6.95e-04]
965 [1.12e-05, 6.75e-04]
966 [1.09e-05, 6.55e-04]
967 [1.05e-05, 6.36e-04]
968 [1.02e-05, 6.17e-04]
969 [9.82e-06, 5.99e-04]
970 [9.49e-06, 5.82e-04]
971 [9.17e-06, 5.64e-04]
972 [8.85e-06, 5.48e-04]
973 [8.54e-06, 5.31e-04]
974 [8.25e-06, 5.15e-04]
975 [7.96e-06, 5.00e-04]
976 [7.67e-06, 4.85e-04]
977 [7.40e-06, 4.70e-04]
978 [7.13e-06, 4.55e-04]
979 [6.87e-06, 4.41e-04]
980 [6.62e-06, 4.28e-04]
981 [6.37e-06, 4.15e-04]
982 [6.13e-06, 4.02e-04]
983 [5.90e-06, 3.89e-04]
984 [5.67e-06, 3.77e-04]
985 [5.46e-06, 3.65e-04]
986 [5.24e-06, 3.53e-04]
987 [5.04e-06, 3.42e-04]
988 [4.84e-06, 3.31e-04]
989 [4.64e-06, 3.21e-04]
990 [4.45e-06, 3.10e-04]
991 [4.27e-06, 3.00e-04]
992 [4.09e-06, 2.90e-04]
993 [3.92e-06, 2.81e-04]
994 [3.75e-06, 2.72e-04]
995 [3.59e-06, 2.63e-04]
996 [3.43e-06, 2.54e-04]
997 [3.28e-06, 2.46e-04]
998 [3.13e-06, 2.37e-04]
999 [2.98e-06, 2.29e-04]
1000 [2.84e-06, 2.22e-04]
1001 [2.71e-06, 2.14e-04]
1002 [2.58e-06, 2.07e-04]
1003 [2.45e-06, 2.00e-04]
1004 [2.33e-06, 1.93e-04]
1005 [2.21e-06, 1.86e-04]
1006 [2.10e-06, 1.80e-04]
1007 [1.98e-06, 1.74e-04]
1008 [1.88e-06, 1.67e-04]
1009 [1.77e-06, 1.62e-04]
1010 [1.67e-06, 1.56e-04]
1011 [1.58e-06, 1.50e-04]
1012 [1.48e-06, 1.45e-04]
1013 [1.39e-06, 1.40e-04]
1014 [1.30e-06, 1.35e-04]
1015 [1.22e-06, 1.30e-04]
1016 [1.13e-06, 1.25e-04]
1017 [1.06e-06, 1.21e-04]
1018 [9.79e-07, 1.16e-04]
1019 [9.05e-07, 1.12e-04]
1020 [8.34e-07, 1.08e-04]
1021 [7.65e-07, 1.04e-04]
1022 [6.99e-07, 9.97e-05]
1023 [6.35e-07, 9.60e-05]
1024 [5.73e-07, 9.23e-05]
1025 [5.14e-07, 8.88e-05]
1026 [4.56e-07, 8.54e-05]
1027 [4.01e-07, 8.22e-05]
1028 [3.48e-07, 7.90e-05]
1029 [2.97e-07, 7.59e-05]
1030 [2.48e-07, 7.30e-05]
1031 [2.00e-07, 7.01e-05]
1032 [1.55e-07, 6.73e-05]
1033 [1.11e-07, 6.47e-05]
1034 [6.84e-08, 6.21e-05]
1035 [2.79e-08, 5.96e-05]
1036 [-1.10e-08, 5.72e-05]
1037 [-4.82e-08, 5.49e-05]
1038 [-8.41e-08, 5.27e-05]
1039 [-1.19e-07, 5.05e-05]
1040 [-1.52e-07, 4.85e-05]
1041 [-1.84e-07, 4.65e-05]
1042 [-2.14e-07, 4.45e-05]
1043 [-2.43e-07, 4.27e-05]
1044 [-2.71e-07, 4.09e-05]
1045 [-2.97e-07, 3.92e-05]
1046 [-3.23e-07, 3.75e-05]
1047 [-3.47e-07, 3.59e-05]
1048 [-3.71e-07, 3.44e-05]
1049 [-3.93e-07, 3.29e-05]
1050 [-4.15e-07, 3.15e-05]
1051 [-4.35e-07, 3.01e-05]
1052 [-4.54e-07, 2.88e-05]
1053 [-4.73e-07, 2.76e-05]
1054 [-4.90e-07, 2.63e-05]
1055 [-5.07e-07, 2.52e-05]
1056 [-5.23e-07, 2.41e-05]
1057 [-5.38e-07, 2.30e-05]
1058 [-5.53e-07, 2.19e-05]
1059 [-5.67e-07, 2.10e-05]
1060 [-5.80e-07, 2.00e-05]
1061 [-5.92e-07, 1.91e-05]
1062 [-6.04e-07, 1.82e-05]
1063 [-6.15e-07, 1.74e-05]
1064 [-6.25e-07, 1.66e-05]
1065 [-6.35e-07, 1.58e-05]
1066 [-6.44e-07, 1.51e-05]
1067 [-6.53e-07, 1.43e-05]
1068 [-6.61e-07, 1.37e-05]
1069 [-6.69e-07, 1.30e-05]
1070 [-6.76e-07, 1.24e-05]
1071 [-6.83e-07, 1.18e-05]
1072 [-6.89e-07, 1.12e-05]
1073 [-6.95e-07, 1.07e-05]
1074 [-7.01e-07, 1.02e-05]
1075 [-7.06e-07, 9.67e-06]
1076 [-7.11e-07, 9.19e-06]
1077 [-7.15e-07, 8.74e-06]
1078 [-7.19e-07, 8.31e-06]
1079 [-7.23e-07, 7.89e-06]
1080 [-7.26e-07, 7.50e-06]
1081 [-7.29e-07, 7.12e-06]
1082 [-7.32e-07, 6.76e-06]
1083 [-7.35e-07, 6.42e-06]
1084 [-7.37e-07, 6.10e-06]
1085 [-7.39e-07, 5.78e-06]
1086 [-7.41e-07, 5.49e-06]
1087 [-7.42e-07, 5.21e-06]
1088 [-7.43e-07, 4.94e-06]
1089 [-7.44e-07, 4.69e-06]
1090 [-7.45e-07, 4.44e-06]
1091 [-7.46e-07, 4.21e-06]
1092 [-7.47e-07, 3.99e-06]
1093 [-7.47e-07, 3.79e-06]
1094 [-7.47e-07, 3.59e-06]
1095 [-7.47e-07, 3.40e-06]
1096 [-7.47e-07, 3.23e-06]
1097 [-7.46e-07, 3.06e-06]
1098 [-7.46e-07, 2.90e-06]
1099 [-7.46e-07, 2.75e-06]
1100 [-7.45e-07, 2.60e-06]
1101 [-7.44e-07, 2.47e-06]
1102 [-7.43e-07, 2.34e-06]
1103 [-7.42e-07, 2.22e-06]
1104 [-7.41e-07, 2.11e-06]
1105 [-7.40e-07, 2.00e-06]
1106 [-7.38e-07, 1.90e-06]
1107 [-7.37e-07, 1.80e-06]
1108 [-7.35e-07, 1.71e-06]
1109 [-7.34e-07, 1.63e-06]
1110 [-7.32e-07, 1.55e-06]
1111 [-7.30e-07, 1.47e-06]
1112 [-7.29e-07, 1.40e-06]
1113 [-7.27e-07, 1.33e-06]
1114 [-7.25e-07, 1.27e-06]
1115 [-7.23e-07, 1.21e-06]
1116 [-7.21e-07, 1.16e-06]
1117 [-7.19e-07, 1.10e-06]
1118 [-7.17e-07, 1.06e-06]
1119 [-7.15e-07, 1.01e-06]
1120 [-7.13e-07, 9.69e-07]
1121 [-7.11e-07, 9.29e-07]
1122 [-7.08e-07, 8.92e-07]
1123 [-7.06e-07, 8.58e-07]
1124 [-7.04e-07, 8.26e-07]
1125 [-7.01e-07, 7.96e-07]
1126 [-6.99e-07, 7.68e-07]
1127 [-6.97e-07, 7.43e-07]
1128 [-6.95e-07, 7.19e-07]
1129 [-6.92e-07, 6.97e-07]
1130 [-6.90e-07, 6.76e-07]
1131 [-6.87e-07, 6.57e-07]
1132 [-6.85e-07, 6.40e-07]
1133 [-6.82e-07, 6.23e-07]
1134 [-6.80e-07, 6.09e-07]
1135 [-6.78e-07, 5.95e-07]
1136 [-6.75e-07, 5.82e-07]
1137 [-6.73e-07, 5.71e-07]
1138 [-6.70e-07, 5.60e-07]
1139 [-6.68e-07, 5.51e-07]
1140 [-6.65e-07, 5.42e-07]
1141 [-6.63e-07, 5.34e-07]
1142 [-6.61e-07, 5.27e-07]
1143 [-6.58e-07, 5.20e-07]
1144 [-6.55e-07, 5.15e-07]
1145 [-6.53e-07, 5.09e-07]
1146 [-6.50e-07, 5.04e-07]
1147 [-6.48e-07, 5.00e-07]
1148 [-6.46e-07, 4.96e-07]
1149 [-6.43e-07, 4.93e-07]
1150 [-6.41e-07, 4.90e-07]
1151 [-6.38e-07, 4.87e-07]
1152 [-6.36e-07, 4.85e-07]
1153 [-6.33e-07, 4.83e-07]
1154 [-6.31e-07, 4.81e-07]
1155 [-6.29e-07, 4.80e-07]
1156 [-6.27e-07, 4.79e-07]
1157 [-6.24e-07, 4.78e-07]
1158 [-6.21e-07, 4.77e-07]
1159 [-6.19e-07, 4.76e-07]
1160 [-6.17e-07, 4.75e-07]
1161 [-6.14e-07, 4.75e-07]
1162 [-6.12e-07, 4.75e-07]
1163 [-6.10e-07, 4.74e-07]
1164 [-6.07e-07, 4.74e-07]
1165 [-6.05e-07, 4.74e-07]
1166 [-6.03e-07, 4.74e-07]
1167 [-6.00e-07, 4.74e-07]
1168 [-5.98e-07, 4.74e-07]
1169 [-5.96e-07, 4.74e-07]
1170 [-5.93e-07, 4.74e-07]
1171 [-5.91e-07, 4.75e-07]
1172 [-5.89e-07, 4.75e-07]
1173 [-5.87e-07, 4.75e-07]
1174 [-5.85e-07, 4.75e-07]
1175 [-5.83e-07, 4.75e-07]
1176 [-5.80e-07, 4.75e-07]
1177 [-5.78e-07, 4.75e-07]
1178 [-5.76e-07, 4.75e-07]
1179 [-5.74e-07, 4.75e-07]
1180 [-5.72e-07, 4.75e-07]
1181 [-5.69e-07, 4.75e-07]
1182 [-5.67e-07, 4.75e-07]
1183 [-5.65e-07, 4.75e-07]
1184 [-5.63e-07, 4.75e-07]
1185 [-5.61e-07, 4.75e-07]
1186 [-5.59e-07, 4.75e-07]
1187 [-5.56e-07, 4.74e-07]
1188 [-5.54e-07, 4.74e-07]
1189 [-5.52e-07, 4.74e-07]
1190 [-5.50e-07, 4.73e-07]
1191 [-5.48e-07, 4.73e-07]
1192 [-5.46e-07, 4.73e-07]
1193 [-5.44e-07, 4.72e-07]
1194 [-5.42e-07, 4.72e-07]
1195 [-5.40e-07, 4.71e-07]
1196 [-5.38e-07, 4.70e-07]
1197 [-5.36e-07, 4.70e-07]
1198 [-5.34e-07, 4.69e-07]
1199 [-5.32e-07, 4.68e-07]
1200 [-5.30e-07, 4.68e-07]
1201 [-5.28e-07, 4.67e-07]
1202 [-5.26e-07, 4.66e-07]
1203 [-5.24e-07, 4.65e-07]
1204 [-5.22e-07, 4.65e-07]
1205 [-5.20e-07, 4.64e-07]
1206 [-5.18e-07, 4.63e-07]
1207 [-5.17e-07, 4.62e-07]
1208 [-5.15e-07, 4.61e-07]
1209 [-5.13e-07, 4.60e-07]
1210 [-5.11e-07, 4.59e-07]
1211 [-5.09e-07, 4.58e-07]
1212 [-5.07e-07, 4.57e-07]
1213 [-5.05e-07, 4.56e-07]
1214 [-5.03e-07, 4.55e-07]
1215 [-5.02e-07, 4.54e-07]
1216 [-5.00e-07, 4.53e-07]
1217 [-4.98e-07, 4.52e-07]
1218 [-4.96e-07, 4.51e-07]
1219 [-4.94e-07, 4.49e-07]
1220 [-4.93e-07, 4.48e-07]
1221 [-4.91e-07, 4.47e-07]
1222 [-4.89e-07, 4.46e-07]
1223 [-4.87e-07, 4.45e-07]
1224 [-4.85e-07, 4.44e-07]
1225 [-4.84e-07, 4.43e-07]
1226 [-4.82e-07, 4.41e-07]
1227 [-4.80e-07, 4.40e-07]
1228 [-4.78e-07, 4.39e-07]
1229 [-4.76e-07, 4.38e-07]
1230 [-4.75e-07, 4.37e-07]
1231 [-4.73e-07, 4.36e-07]
1232 [-4.72e-07, 4.34e-07]
1233 [-4.70e-07, 4.33e-07]
1234 [-4.68e-07, 4.32e-07]
1235 [-4.66e-07, 4.31e-07]
1236 [-4.65e-07, 4.30e-07]
1237 [-4.63e-07, 4.28e-07]
1238 [-4.62e-07, 4.27e-07]
1239 [-4.60e-07, 4.26e-07]
1240 [-4.58e-07, 4.25e-07]
1241 [-4.56e-07, 4.24e-07]
1242 [-4.55e-07, 4.22e-07]
1243 [-4.53e-07, 4.21e-07]
1244 [-4.52e-07, 4.20e-07]
1245 [-4.50e-07, 4.19e-07]
1246 [-4.48e-07, 4.18e-07]
1247 [-4.47e-07, 4.17e-07]
1248 [-4.45e-07, 4.16e-07]
1249 [-4.44e-07, 4.14e-07]
1250 [-4.42e-07, 4.13e-07]
1251 [-4.40e-07, 4.12e-07]
1252 [-4.39e-07, 4.11e-07]
1253 [-4.37e-07, 4.10e-07]
1254 [-4.36e-07, 4.09e-07]
1255 [-4.34e-07, 4.07e-07]
1256 [-4.33e-07, 4.06e-07]
1257 [-4.31e-07, 4.05e-07]
1258 [-4.30e-07, 4.04e-07]
1259 [-4.28e-07, 4.03e-07]
1260 [-4.27e-07, 4.02e-07]
1261 [-4.25e-07, 4.01e-07]
1262 [-4.24e-07, 4.00e-07]
1263 [-4.22e-07, 3.99e-07]
1264 [-4.21e-07, 3.97e-07]
1265 [-4.19e-07, 3.96e-07]
1266 [-4.18e-07, 3.95e-07]
1267 [-4.16e-07, 3.94e-07]
1268 [-4.15e-07, 3.93e-07]
1269 [-4.13e-07, 3.92e-07]
1270 [-4.12e-07, 3.91e-07]
1271 [-4.10e-07, 3.90e-07]
1272 [-4.09e-07, 3.89e-07]
1273 [-4.08e-07, 3.88e-07]
1274 [-4.06e-07, 3.87e-07]
1275 [-4.05e-07, 3.85e-07]
1276 [-4.03e-07, 3.84e-07]
1277 [-4.02e-07, 3.83e-07]
1278 [-4.01e-07, 3.82e-07]
1279 [-3.99e-07, 3.81e-07]
1280 [-3.98e-07, 3.80e-07]
1281 [-3.96e-07, 3.79e-07]
1282 [-3.95e-07, 3.78e-07]
1283 [-3.94e-07, 3.77e-07]
1284 [-3.92e-07, 3.76e-07]
1285 [-3.91e-07, 3.75e-07]
1286 [-3.89e-07, 3.74e-07]
1287 [-3.88e-07, 3.73e-07]
1288 [-3.87e-07, 3.72e-07]
1289 [-3.85e-07, 3.71e-07]
1290 [-3.84e-07, 3.70e-07]
1291 [-3.83e-07, 3.69e-07]
1292 [-3.81e-07, 3.68e-07]
1293 [-3.80e-07, 3.67e-07]
1294 [-3.79e-07, 3.66e-07]
1295 [-3.77e-07, 3.65e-07]
1296 [-3.76e-07, 3.64e-07]
1297 [-3.75e-07, 3.63e-07]
1298 [-3.74e-07, 3.62e-07]
1299 [-3.72e-07, 3.61e-07]
1300 [-3.71e-07, 3.60e-07]
1301 [-3.70e-07, 3.59e-07]
1302 [-3.69e-07, 3.58e-07]
1303 [-3.67e-07, 3.57e-07]
1304 [-3.66e-07, 3.56e-07]
1305 [-3.65e-07, 3.55e-07]
1306 [-3.64e-07, 3.54e-07]
1307 [-3.62e-07, 3.53e-07]
1308 [-3.61e-07, 3.53e-07]
1309 [-3.60e-07, 3.52e-07]
1310 [-3.59e-07, 3.51e-07]
1311 [-3.57e-07, 3.50e-07]
1312 [-3.56e-07, 3.49e-07]
1313 [-3.55e-07, 3.48e-07]
1314 [-3.54e-07, 3.47e-07]
1315 [-3.53e-07, 3.46e-07]
1316 [-3.51e-07, 3.45e-07]
1317 [-3.50e-07, 3.44e-07]
1318 [-3.49e-07, 3.43e-07]
1319 [-3.48e-07, 3.42e-07]
1320 [-3.46e-07, 3.41e-07]
1321 [-3.45e-07, 3.40e-07]
1322 [-3.44e-07, 3.39e-07]
1323 [-3.43e-07, 3.39e-07]
1324 [-3.42e-07, 3.38e-07]
1325 [-3.41e-07, 3.37e-07]
1326 [-3.40e-07, 3.36e-07]
1327 [-3.38e-07, 3.35e-07]
1328 [-3.37e-07, 3.34e-07]
1329 [-3.36e-07, 3.33e-07]
1330 [-3.35e-07, 3.33e-07]
1331 [-3.34e-07, 3.32e-07]
1332 [-3.33e-07, 3.31e-07]
1333 [-3.32e-07, 3.30e-07]
1334 [-3.31e-07, 3.29e-07]
1335 [-3.29e-07, 3.28e-07]
1336 [-3.28e-07, 3.27e-07]
1337 [-3.27e-07, 3.26e-07]
1338 [-3.26e-07, 3.26e-07]
1339 [-3.25e-07, 3.25e-07]
1340 [-3.24e-07, 3.24e-07]
1341 [-3.23e-07, 3.23e-07]
1342 [-3.22e-07, 3.22e-07]
1343 [-3.21e-07, 3.21e-07]
1344 [-3.19e-07, 3.21e-07]
1345 [-3.18e-07, 3.20e-07]
1346 [-3.17e-07, 3.19e-07]
1347 [-3.17e-07, 3.18e-07]
1348 [-3.15e-07, 3.17e-07]
1349 [-3.14e-07, 3.17e-07]
1350 [-3.13e-07, 3.16e-07]
1351 [-3.12e-07, 3.15e-07]
1352 [-3.11e-07, 3.14e-07]
1353 [-3.10e-07, 3.14e-07]
1354 [-3.09e-07, 3.13e-07]
1355 [-3.08e-07, 3.12e-07]
1356 [-3.07e-07, 3.11e-07]
1357 [-3.06e-07, 3.11e-07]
1358 [-3.05e-07, 3.10e-07]
1359 [-3.04e-07, 3.09e-07]
1360 [-3.03e-07, 3.08e-07]
1361 [-3.02e-07, 3.07e-07]
1362 [-3.01e-07, 3.07e-07]
1363 [-3.00e-07, 3.06e-07]
1364 [-2.99e-07, 3.05e-07]
1365 [-2.98e-07, 3.04e-07]
1366 [-2.97e-07, 3.04e-07]
1367 [-2.96e-07, 3.03e-07]
1368 [-2.95e-07, 3.02e-07]
1369 [-2.94e-07, 3.01e-07]
1370 [-2.93e-07, 3.00e-07]
1371 [-2.92e-07, 3.00e-07]
1372 [-2.91e-07, 2.99e-07]
1373 [-2.90e-07, 2.98e-07]
1374 [-2.89e-07, 2.97e-07]
1375 [-2.89e-07, 2.97e-07]
1376 [-2.87e-07, 2.96e-07]
1377 [-2.87e-07, 2.95e-07]
1378 [-2.85e-07, 2.94e-07]
1379 [-2.85e-07, 2.94e-07]
1380 [-2.84e-07, 2.93e-07]
1381 [-2.83e-07, 2.92e-07]
1382 [-2.82e-07, 2.91e-07]
1383 [-2.81e-07, 2.91e-07]
1384 [-2.80e-07, 2.90e-07]
1385 [-2.79e-07, 2.89e-07]
1386 [-2.78e-07, 2.88e-07]
1387 [-2.77e-07, 2.88e-07]
1388 [-2.77e-07, 2.87e-07]
1389 [-2.76e-07, 2.86e-07]
1390 [-2.74e-07, 2.86e-07]
1391 [-2.74e-07, 2.85e-07]
1392 [-2.73e-07, 2.84e-07]
1393 [-2.72e-07, 2.83e-07]
1394 [-2.71e-07, 2.83e-07]
1395 [-2.70e-07, 2.82e-07]
1396 [-2.69e-07, 2.81e-07]
1397 [-2.69e-07, 2.80e-07]
1398 [-2.68e-07, 2.80e-07]
1399 [-2.67e-07, 2.79e-07]
1400 [-2.66e-07, 2.78e-07]
1401 [-2.65e-07, 2.78e-07]
1402 [-2.64e-07, 2.77e-07]
1403 [-2.63e-07, 2.76e-07]
1404 [-2.63e-07, 2.76e-07]
1405 [-2.62e-07, 2.75e-07]
1406 [-2.61e-07, 2.74e-07]
1407 [-2.60e-07, 2.73e-07]
1408 [-2.59e-07, 2.73e-07]
1409 [-2.58e-07, 2.72e-07]
1410 [-2.57e-07, 2.72e-07]
1411 [-2.57e-07, 2.71e-07]
1412 [-2.56e-07, 2.70e-07]
1413 [-2.55e-07, 2.69e-07]
1414 [-2.54e-07, 2.69e-07]
1415 [-2.54e-07, 2.68e-07]
1416 [-2.52e-07, 2.67e-07]
1417 [-2.51e-07, 2.67e-07]
1418 [-2.51e-07, 2.66e-07]
1419 [-2.50e-07, 2.65e-07]
1420 [-2.49e-07, 2.65e-07]
1421 [-2.48e-07, 2.64e-07]
1422 [-2.48e-07, 2.64e-07]
1423 [-2.47e-07, 2.63e-07]
1424 [-2.46e-07, 2.62e-07]
1425 [-2.45e-07, 2.62e-07]
1426 [-2.45e-07, 2.61e-07]
1427 [-2.44e-07, 2.61e-07]
1428 [-2.43e-07, 2.60e-07]
1429 [-2.42e-07, 2.59e-07]
1430 [-2.42e-07, 2.59e-07]
1431 [-2.41e-07, 2.58e-07]
1432 [-2.40e-07, 2.58e-07]
1433 [-2.39e-07, 2.57e-07]
1434 [-2.39e-07, 2.56e-07]
1435 [-2.38e-07, 2.56e-07]
1436 [-2.37e-07, 2.55e-07]
1437 [-2.36e-07, 2.55e-07]
1438 [-2.35e-07, 2.54e-07]
1439 [-2.35e-07, 2.54e-07]
1440 [-2.34e-07, 2.53e-07]
1441 [-2.33e-07, 2.52e-07]
1442 [-2.33e-07, 2.52e-07]
1443 [-2.32e-07, 2.51e-07]
1444 [-2.31e-07, 2.50e-07]
1445 [-2.30e-07, 2.50e-07]
1446 [-2.30e-07, 2.49e-07]
1447 [-2.29e-07, 2.49e-07]
1448 [-2.28e-07, 2.48e-07]
1449 [-2.27e-07, 2.48e-07]
1450 [-2.27e-07, 2.47e-07]
1451 [-2.26e-07, 2.46e-07]
1452 [-2.25e-07, 2.46e-07]
1453 [-2.24e-07, 2.45e-07]
1454 [-2.24e-07, 2.45e-07]
1455 [-2.23e-07, 2.44e-07]
1456 [-2.22e-07, 2.44e-07]
1457 [-2.22e-07, 2.43e-07]
1458 [-2.21e-07, 2.43e-07]
1459 [-2.21e-07, 2.42e-07]
1460 [-2.20e-07, 2.41e-07]
1461 [-2.19e-07, 2.41e-07]
1462 [-2.19e-07, 2.40e-07]
1463 [-2.18e-07, 2.40e-07]
1464 [-2.17e-07, 2.39e-07]
1465 [-2.17e-07, 2.39e-07]
1466 [-2.16e-07, 2.38e-07]
1467 [-2.15e-07, 2.38e-07]
1468 [-2.14e-07, 2.37e-07]
1469 [-2.14e-07, 2.36e-07]
1470 [-2.13e-07, 2.36e-07]
1471 [-2.12e-07, 2.35e-07]
1472 [-2.12e-07, 2.35e-07]
1473 [-2.11e-07, 2.34e-07]
1474 [-2.11e-07, 2.33e-07]
1475 [-2.09e-07, 2.33e-07]
1476 [-2.09e-07, 2.32e-07]
1477 [-2.09e-07, 2.32e-07]
1478 [-2.08e-07, 2.31e-07]
1479 [-2.07e-07, 2.30e-07]
1480 [-2.07e-07, 2.30e-07]
1481 [-2.07e-07, 2.29e-07]
1482 [-2.05e-07, 2.29e-07]
1483 [-2.04e-07, 2.28e-07]
1484 [-2.05e-07, 2.28e-07]
1485 [-2.04e-07, 2.27e-07]
1486 [-2.02e-07, 2.27e-07]
1487 [-2.02e-07, 2.26e-07]
1488 [-2.02e-07, 2.26e-07]
1489 [-2.01e-07, 2.25e-07]
1490 [-2.00e-07, 2.24e-07]
1491 [-2.00e-07, 2.24e-07]
1492 [-1.99e-07, 2.23e-07]
1493 [-1.98e-07, 2.23e-07]
1494 [-1.98e-07, 2.22e-07]
1495 [-1.97e-07, 2.22e-07]
1496 [-1.97e-07, 2.21e-07]
1497 [-1.96e-07, 2.21e-07]
1498 [-1.96e-07, 2.20e-07]
1499 [-1.95e-07, 2.20e-07]
1500 [-1.94e-07, 2.19e-07]
1501 [-1.93e-07, 2.19e-07]
1502 [-1.93e-07, 2.18e-07]
1503 [-1.93e-07, 2.17e-07]
1504 [-1.92e-07, 2.17e-07]
1505 [-1.92e-07, 2.16e-07]
1506 [-1.91e-07, 2.16e-07]
1507 [-1.90e-07, 2.15e-07]
1508 [-1.90e-07, 2.15e-07]
1509 [-1.89e-07, 2.15e-07]
1510 [-1.88e-07, 2.14e-07]
1511 [-1.88e-07, 2.14e-07]
1512 [-1.88e-07, 2.13e-07]
1513 [-1.87e-07, 2.13e-07]
1514 [-1.86e-07, 2.12e-07]
1515 [-1.86e-07, 2.12e-07]
1516 [-1.85e-07, 2.11e-07]
1517 [-1.84e-07, 2.11e-07]
1518 [-1.84e-07, 2.11e-07]
1519 [-1.84e-07, 2.10e-07]
1520 [-1.83e-07, 2.10e-07]
1521 [-1.82e-07, 2.09e-07]
1522 [-1.82e-07, 2.09e-07]
1523 [-1.81e-07, 2.08e-07]
1524 [-1.81e-07, 2.08e-07]
1525 [-1.80e-07, 2.07e-07]
1526 [-1.80e-07, 2.07e-07]
1527 [-1.79e-07, 2.06e-07]
1528 [-1.79e-07, 2.06e-07]
1529 [-1.78e-07, 2.05e-07]
1530 [-1.77e-07, 2.05e-07]
1531 [-1.77e-07, 2.04e-07]
1532 [-1.76e-07, 2.04e-07]
1533 [-1.76e-07, 2.03e-07]
1534 [-1.76e-07, 2.03e-07]
1535 [-1.75e-07, 2.03e-07]
1536 [-1.74e-07, 2.02e-07]
1537 [-1.74e-07, 2.02e-07]
1538 [-1.73e-07, 2.01e-07]
1539 [-1.73e-07, 2.01e-07]
1540 [-1.72e-07, 2.00e-07]
1541 [-1.72e-07, 2.00e-07]
1542 [-1.71e-07, 2.00e-07]
1543 [-1.71e-07, 1.99e-07]
1544 [-1.71e-07, 1.99e-07]
1545 [-1.70e-07, 1.98e-07]
1546 [-1.69e-07, 1.98e-07]
1547 [-1.69e-07, 1.97e-07]
1548 [-1.68e-07, 1.97e-07]
1549 [-1.68e-07, 1.96e-07]
1550 [-1.68e-07, 1.96e-07]
1551 [-1.66e-07, 1.95e-07]
1552 [-1.66e-07, 1.95e-07]
1553 [-1.66e-07, 1.94e-07]
1554 [-1.65e-07, 1.94e-07]
1555 [-1.65e-07, 1.94e-07]
1556 [-1.65e-07, 1.93e-07]
1557 [-1.63e-07, 1.93e-07]
1558 [-1.64e-07, 1.92e-07]
1559 [-1.63e-07, 1.92e-07]
1560 [-1.62e-07, 1.91e-07]
1561 [-1.62e-07, 1.91e-07]
1562 [-1.61e-07, 1.91e-07]
1563 [-1.61e-07, 1.90e-07]
1564 [-1.61e-07, 1.90e-07]
1565 [-1.60e-07, 1.89e-07]
1566 [-1.59e-07, 1.89e-07]
1567 [-1.59e-07, 1.89e-07]
1568 [-1.59e-07, 1.88e-07]
1569 [-1.57e-07, 1.88e-07]
1570 [-1.58e-07, 1.88e-07]
1571 [-1.57e-07, 1.87e-07]
1572 [-1.56e-07, 1.87e-07]
1573 [-1.57e-07, 1.87e-07]
1574 [-1.56e-07, 1.86e-07]
1575 [-1.55e-07, 1.86e-07]
1576 [-1.55e-07, 1.85e-07]
1577 [-1.54e-07, 1.85e-07]
1578 [-1.54e-07, 1.85e-07]
1579 [-1.54e-07, 1.84e-07]
1580 [-1.53e-07, 1.84e-07]
1581 [-1.53e-07, 1.83e-07]
1582 [-1.52e-07, 1.83e-07]
1583 [-1.52e-07, 1.83e-07]
1584 [-1.51e-07, 1.82e-07]
1585 [-1.51e-07, 1.82e-07]
1586 [-1.50e-07, 1.81e-07]
1587 [-1.50e-07, 1.81e-07]
1588 [-1.50e-07, 1.80e-07]
1589 [-1.49e-07, 1.80e-07]
1590 [-1.49e-07, 1.79e-07]
1591 [-1.48e-07, 1.79e-07]
1592 [-1.48e-07, 1.79e-07]
1593 [-1.47e-07, 1.78e-07]
1594 [-1.47e-07, 1.78e-07]
1595 [-1.47e-07, 1.77e-07]
1596 [-1.46e-07, 1.77e-07]
1597 [-1.46e-07, 1.77e-07]
1598 [-1.45e-07, 1.76e-07]
1599 [-1.45e-07, 1.76e-07]
1600 [-1.45e-07, 1.75e-07]
1601 [-1.44e-07, 1.75e-07]
1602 [-1.44e-07, 1.75e-07]
1603 [-1.43e-07, 1.74e-07]
1604 [-1.43e-07, 1.74e-07]
1605 [-1.43e-07, 1.73e-07]
1606 [-1.41e-07, 1.73e-07]
1607 [-1.42e-07, 1.72e-07]
1608 [-1.41e-07, 1.72e-07]
1609 [-1.40e-07, 1.72e-07]
1610 [-1.41e-07, 1.71e-07]
1611 [-1.39e-07, 1.71e-07]
1612 [-1.40e-07, 1.70e-07]
1613 [-1.40e-07, 1.70e-07]
1614 [-1.38e-07, 1.69e-07]
1615 [-1.40e-07, 1.69e-07]
1616 [-1.37e-07, 1.69e-07]
1617 [-1.39e-07, 1.68e-07]
1618 [-1.37e-07, 1.68e-07]
1619 [-1.37e-07, 1.68e-07]
1620 [-1.37e-07, 1.67e-07]
1621 [-1.35e-07, 1.67e-07]
1622 [-1.37e-07, 1.67e-07]
1623 [-1.34e-07, 1.66e-07]
1624 [-1.35e-07, 1.66e-07]
1625 [-1.34e-07, 1.65e-07]
1626 [-1.34e-07, 1.65e-07]
1627 [-1.35e-07, 1.65e-07]
1628 [-1.32e-07, 1.64e-07]
1629 [-1.34e-07, 1.64e-07]
1630 [-1.32e-07, 1.64e-07]
1631 [-1.33e-07, 1.63e-07]
1632 [-1.32e-07, 1.63e-07]
1633 [-1.31e-07, 1.63e-07]
1634 [-1.32e-07, 1.62e-07]
1635 [-1.29e-07, 1.62e-07]
1636 [-1.32e-07, 1.62e-07]
1637 [-1.29e-07, 1.61e-07]
1638 [-1.31e-07, 1.61e-07]
1639 [-1.29e-07, 1.61e-07]
1640 [-1.29e-07, 1.60e-07]
1641 [-1.28e-07, 1.60e-07]
1642 [-1.28e-07, 1.60e-07]
1643 [-1.28e-07, 1.59e-07]
1644 [-1.27e-07, 1.59e-07]
1645 [-1.28e-07, 1.59e-07]
1646 [-1.26e-07, 1.58e-07]
1647 [-1.28e-07, 1.58e-07]
1648 [-1.25e-07, 1.58e-07]
1649 [-1.28e-07, 1.58e-07]
1650 [-1.23e-07, 1.57e-07]
1651 [-1.27e-07, 1.57e-07]
1652 [-1.22e-07, 1.56e-07]
1653 [-1.28e-07, 1.56e-07]
1654 [-1.20e-07, 1.56e-07]
1655 [-1.28e-07, 1.56e-07]
1656 [-1.18e-07, 1.55e-07]
1657 [-1.29e-07, 1.55e-07]
1658 [-1.15e-07, 1.54e-07]
1659 [-1.33e-07, 1.55e-07]
1660 [-1.08e-07, 1.53e-07]
1661 [-1.41e-07, 1.55e-07]
1662 [-9.49e-08, 1.51e-07]
1663 [-1.58e-07, 1.56e-07]
1664 [-6.86e-08, 1.49e-07]
1665 [-1.95e-07, 1.58e-07]
1666 [-1.12e-08, 1.44e-07]
1667 [-2.80e-07, 1.64e-07]
1668 [1.22e-07, 1.33e-07]
1669 [-4.85e-07, 1.79e-07]
1670 [4.43e-07, 1.08e-07]
1671 [-9.92e-07, 2.16e-07]
1672 [1.26e-06, 4.66e-08]
1673 [-2.31e-06, 3.14e-07]
1674 [3.41e-06, -1.15e-07]
1675 [-5.85e-06, 5.80e-07]
1676 [9.32e-06, -5.59e-07]
1677 [-1.58e-05, 1.32e-06]
1678 [2.62e-05, -1.83e-06]
1679 [-4.47e-05, 3.49e-06]
1680 [7.58e-05, -5.56e-06]
1681 [-1.29e-04, 9.91e-06]
1682 [2.13e-04, -1.63e-05]
1683 [-3.23e-04, 2.66e-05]
1684 [3.89e-04, -3.57e-05]
1685 [-2.88e-04, 3.02e-05]
1686 [1.70e-05, -1.03e-06]
1687 [2.39e-04, -2.37e-05]
1688 [-2.82e-04, 3.12e-05]
1689 [7.90e-05, -8.53e-06]
1690 [1.76e-04, -1.93e-05]
1691 [-2.38e-04, 2.70e-05]
1692 [5.77e-05, -6.96e-06]
1693 [1.63e-04, -1.91e-05]
1694 [-1.91e-04, 2.21e-05]
1695 [1.25e-05, -1.99e-06]
1696 [1.62e-04, -1.96e-05]
1697 [-1.41e-04, 1.66e-05]
1698 [-3.43e-05, 3.72e-06]
1699 [1.53e-04, -1.89e-05]
1700 [-8.78e-05, 1.05e-05]
1701 [-7.11e-05, 8.46e-06]
1702 [1.33e-04, -1.64e-05]
1703 [-3.70e-05, 4.48e-06]
1704 [-9.19e-05, 1.13e-05]
1705 [1.02e-04, -1.27e-05]
