0 [5.00e-01, 5.00e-01]
1 [5.01e-01, 4.99e-01]
2 [5.02e-01, 4.98e-01]
3 [5.03e-01, 4.97e-01]
4 [5.04e-01, 4.96e-01]
5 [5.05e-01, 4.96e-01]
6 [5.05e-01, 4.95e-01]
7 [5.06e-01, 4.95e-01]
8 [5.06e-01, 4.94e-01]
9 [5.06e-01, 4.94e-01]
10 [5.06e-01, 4.93e-01]
11 [5.06e-01, 4.93e-01]
12 [5.06e-01, 4.93e-01]
13 [5.06e-01, 4.93e-01]
14 [5.06e-01, 4.92e-01]
15 [5.07e-01, 4.92e-01]
16 [5.07e-01, 4.92e-01]
17 [5.08e-01, 4.92e-01]
18 [5.08e-01, 4.91e-01]
19 [5.09e-01, 4.91e-01]
20 [5.09e-01, 4.91e-01]
21 [5.10e-01, 4.91e-01]
22 [5.11e-01, 4.91e-01]
23 [5.12e-01, 4.90e-01]
24 [5.13e-01, 4.90e-01]
25 [5.13e-01, 4.90e-01]
26 [5.14e-01, 4.90e-01]
27 [5.15e-01, 4.90e-01]
28 [5.16e-01, 4.90e-01]
29 [5.16e-01, 4.90e-01]
30 [5.17e-01, 4.90e-01]
31 [5.18e-01, 4.90e-01]
32 [5.18e-01, 4.90e-01]
33 [5.19e-01, 4.90e-01]
34 [5.19e-01, 4.90e-01]
35 [5.20e-01, 4.90e-01]
36 [5.21e-01, 4.90e-01]
37 [5.21e-01, 4.90e-01]
38 [5.22e-01, 4.91e-01]
39 [5.22e-01, 4.91e-01]
40 [5.23e-01, 4.91e-01]
41 [5.23e-01, 4.91e-01]
42 [5.24e-01, 4.91e-01]
43 [5.24e-01, 4.91e-01]
44 [5.25e-01, 4.92e-01]
45 [5.25e-01, 4.92e-01]
46 [5.25e-01, 4.92e-01]
47 [5.26e-01, 4.92e-01]
48 [5.26e-01, 4.92e-01]
49 [5.26e-01, 4.92e-01]
50 [5.27e-01, 4.93e-01]
51 [5.27e-01, 4.93e-01]
52 [5.27e-01, 4.93e-01]
53 [5.27e-01, 4.93e-01]
54 [5.28e-01, 4.93e-01]
55 [5.28e-01, 4.93e-01]
56 [5.28e-01, 4.93e-01]
57 [5.28e-01, 4.93e-01]
58 [5.28e-01, 4.93e-01]
59 [5.28e-01, 4.94e-01]
60 [5.29e-01, 4.94e-01]
61 [5.29e-01, 4.94e-01]
62 [5.29e-01, 4.94e-01]
63 [5.29e-01, 4.94e-01]
64 [5.29e-01, 4.94e-01]
65 [5.29e-01, 4.94e-01]
66 [5.29e-01, 4.94e-01]
67 [5.29e-01, 4.94e-01]
68 [5.29e-01, 4.94e-01]
69 [5.29e-01, 4.94e-01]
70 [5.30e-01, 4.94e-01]
71 [5.30e-01, 4.94e-01]
72 [5.30e-01, 4.94e-01]
73 [5.30e-01, 4.94e-01]
74 [5.30e-01, 4.94e-01]
75 [5.30e-01, 4.94e-01]
76 [5.30e-01, 4.94e-01]
77 [5.30e-01, 4.94e-01]
78 [5.30e-01, 4.94e-01]
79 [5.30e-01, 4.94e-01]
80 [5.30e-01, 4.94e-01]
81 [5.30e-01, 4.94e-01]
82 [5.30e-01, 4.94e-01]
83 [5.30e-01, 4.94e-01]
84 [5.30e-01, 4.94e-01]
85 [5.30e-01, 4.94e-01]
86 [5.30e-01, 4.94e-01]
87 [5.30e-01, 4.94e-01]
88 [5.30e-01, 4.94e-01]
89 [5.30e-01, 4.94e-01]
90 [5.30e-01, 4.94e-01]
91 [5.30e-01, 4.94e-01]
92 [5.30e-01, 4.94e-01]
93 [5.30e-01, 4.94e-01]
94 [5.30e-01, 4.94e-01]
95 [5.30e-01, 4.94e-01]
96 [5.30e-01, 4.94e-01]
97 [5.30e-01, 4.94e-01]
98 [5.30e-01, 4.94e-01]
99 [5.30e-01, 4.94e-01]
100 [5.30e-01, 4.94e-01]
101 [5.30e-01, 4.94e-01]
102 [5.30e-01, 4.94e-01]
103 [5.30e-01, 4.94e-01]
104 [5.30e-01, 4.94e-01]
105 [5.30e-01, 4.94e-01]
106 [5.30e-01, 4.94e-01]
107 [5.30e-01, 4.94e-01]
108 [5.30e-01, 4.94e-01]
109 [5.30e-01, 4.94e-01]
110 [5.30e-01, 4.94e-01]
111 [5.30e-01, 4.94e-01]
112 [5.30e-01, 4.94e-01]
113 [5.30e-01, 4.94e-01]
114 [5.30e-01, 4.94e-01]
115 [5.30e-01, 4.94e-01]
116 [5.30e-01, 4.94e-01]
117 [5.30e-01, 4.94e-01]
118 [5.30e-01, 4.94e-01]
119 [5.30e-01, 4.94e-01]
120 [5.30e-01, 4.94e-01]
121 [5.30e-01, 4.94e-01]
122 [5.30e-01, 4.94e-01]
123 [5.30e-01, 4.94e-01]
124 [5.30e-01, 4.94e-01]
125 [5.30e-01, 4.94e-01]
126 [5.30e-01, 4.94e-01]
127 [5.30e-01, 4.94e-01]
128 [5.30e-01, 4.94e-01]
129 [5.30e-01, 4.94e-01]
130 [5.30e-01, 4.94e-01]
131 [5.30e-01, 4.94e-01]
132 [5.30e-01, 4.94e-01]
133 [5.30e-01, 4.94e-01]
134 [5.30e-01, 4.94e-01]
135 [5.30e-01, 4.94e-01]
136 [5.30e-01, 4.94e-01]
137 [5.30e-01, 4.94e-01]
138 [5.30e-01, 4.94e-01]
139 [5.30e-01, 4.94e-01]
140 [5.31e-01, 4.94e-01]
141 [5.31e-01, 4.94e-01]
142 [5.31e-01, 4.94e-01]
143 [5.31e-01, 4.94e-01]
144 [5.31e-01, 4.94e-01]
145 [5.31e-01, 4.94e-01]
146 [5.31e-01, 4.94e-01]
147 [5.31e-01, 4.94e-01]
148 [5.31e-01, 4.94e-01]
149 [5.31e-01, 4.94e-01]
150 [5.31e-01, 4.94e-01]
151 [5.31e-01, 4.94e-01]
152 [5.31e-01, 4.94e-01]
153 [5.31e-01, 4.94e-01]
154 [5.31e-01, 4.94e-01]
155 [5.31e-01, 4.94e-01]
156 [5.31e-01, 4.94e-01]
157 [5.31e-01, 4.94e-01]
158 [5.31e-01, 4.94e-01]
159 [5.31e-01, 4.94e-01]
160 [5.31e-01, 4.94e-01]
161 [5.31e-01, 4.94e-01]
162 [5.31e-01, 4.94e-01]
163 [5.31e-01, 4.94e-01]
164 [5.31e-01, 4.94e-01]
165 [5.31e-01, 4.94e-01]
166 [5.31e-01, 4.94e-01]
167 [5.31e-01, 4.94e-01]
168 [5.31e-01, 4.94e-01]
169 [5.31e-01, 4.94e-01]
170 [5.31e-01, 4.94e-01]
171 [5.31e-01, 4.94e-01]
172 [5.31e-01, 4.94e-01]
173 [5.31e-01, 4.94e-01]
174 [5.31e-01, 4.94e-01]
175 [5.31e-01, 4.94e-01]
176 [5.31e-01, 4.94e-01]
177 [5.31e-01, 4.94e-01]
178 [5.31e-01, 4.94e-01]
179 [5.31e-01, 4.94e-01]
180 [5.31e-01, 4.94e-01]
181 [5.31e-01, 4.94e-01]
182 [5.31e-01, 4.94e-01]
183 [5.31e-01, 4.94e-01]
184 [5.31e-01, 4.94e-01]
185 [5.31e-01, 4.94e-01]
186 [5.31e-01, 4.94e-01]
187 [5.31e-01, 4.94e-01]
188 [5.31e-01, 4.94e-01]
189 [5.31e-01, 4.94e-01]
190 [5.31e-01, 4.94e-01]
191 [5.31e-01, 4.94e-01]
192 [5.31e-01, 4.94e-01]
193 [5.31e-01, 4.94e-01]
194 [5.31e-01, 4.94e-01]
195 [5.31e-01, 4.94e-01]
196 [5.31e-01, 4.94e-01]
197 [5.31e-01, 4.94e-01]
198 [5.31e-01, 4.94e-01]
199 [5.31e-01, 4.94e-01]
200 [5.31e-01, 4.94e-01]
201 [5.31e-01, 4.94e-01]
202 [5.31e-01, 4.94e-01]
203 [5.31e-01, 4.94e-01]
204 [5.31e-01, 4.94e-01]
205 [5.31e-01, 4.94e-01]
206 [5.31e-01, 4.94e-01]
207 [5.31e-01, 4.94e-01]
208 [5.31e-01, 4.94e-01]
209 [5.31e-01, 4.94e-01]
210 [5.31e-01, 4.94e-01]
211 [5.31e-01, 4.94e-01]
212 [5.31e-01, 4.94e-01]
213 [5.31e-01, 4.94e-01]
214 [5.31e-01, 4.94e-01]
215 [5.31e-01, 4.94e-01]
216 [5.31e-01, 4.94e-01]
217 [5.31e-01, 4.94e-01]
218 [5.31e-01, 4.94e-01]
219 [5.31e-01, 4.94e-01]
220 [5.31e-01, 4.94e-01]
221 [5.31e-01, 4.94e-01]
222 [5.31e-01, 4.94e-01]
223 [5.31e-01, 4.94e-01]
224 [5.31e-01, 4.94e-01]
225 [5.31e-01, 4.94e-01]
226 [5.31e-01, 4.94e-01]
227 [5.31e-01, 4.94e-01]
228 [5.31e-01, 4.94e-01]
229 [5.31e-01, 4.94e-01]
230 [5.31e-01, 4.94e-01]
231 [5.31e-01, 4.94e-01]
232 [5.31e-01, 4.94e-01]
233 [5.31e-01, 4.94e-01]
234 [5.31e-01, 4.94e-01]
235 [5.31e-01, 4.94e-01]
236 [5.31e-01, 4.94e-01]
237 [5.31e-01, 4.94e-01]
238 [5.31e-01, 4.94e-01]
239 [5.31e-01, 4.94e-01]
240 [5.31e-01, 4.94e-01]
241 [5.31e-01, 4.94e-01]
242 [5.31e-01, 4.94e-01]
243 [5.31e-01, 4.94e-01]
244 [5.31e-01, 4.94e-01]
245 [5.31e-01, 4.94e-01]
246 [5.31e-01, 4.94e-01]
247 [5.31e-01, 4.94e-01]
248 [5.31e-01, 4.94e-01]
249 [5.31e-01, 4.94e-01]
250 [5.31e-01, 4.94e-01]
251 [5.31e-01, 4.94e-01]
252 [5.31e-01, 4.94e-01]
253 [5.31e-01, 4.94e-01]
254 [5.31e-01, 4.94e-01]
255 [5.31e-01, 4.94e-01]
256 [5.31e-01, 4.94e-01]
257 [5.31e-01, 4.94e-01]
258 [5.31e-01, 4.94e-01]
259 [5.31e-01, 4.94e-01]
260 [5.31e-01, 4.94e-01]
261 [5.31e-01, 4.94e-01]
262 [5.31e-01, 4.94e-01]
263 [5.31e-01, 4.94e-01]
264 [5.31e-01, 4.94e-01]
265 [5.31e-01, 4.94e-01]
266 [5.31e-01, 4.94e-01]
267 [5.31e-01, 4.94e-01]
268 [5.31e-01, 4.94e-01]
269 [5.31e-01, 4.94e-01]
270 [5.31e-01, 4.94e-01]
271 [5.31e-01, 4.94e-01]
272 [5.31e-01, 4.94e-01]
273 [5.31e-01, 4.94e-01]
274 [5.31e-01, 4.94e-01]
275 [5.31e-01, 4.94e-01]
276 [5.31e-01, 4.94e-01]
277 [5.31e-01, 4.94e-01]
278 [5.31e-01, 4.94e-01]
279 [5.31e-01, 4.94e-01]
280 [5.31e-01, 4.94e-01]
281 [5.31e-01, 4.94e-01]
282 [5.31e-01, 4.94e-01]
283 [5.31e-01, 4.94e-01]
284 [5.31e-01, 4.94e-01]
285 [5.31e-01, 4.94e-01]
286 [5.31e-01, 4.94e-01]
287 [5.31e-01, 4.94e-01]
288 [5.31e-01, 4.94e-01]
289 [5.31e-01, 4.94e-01]
290 [5.31e-01, 4.94e-01]
291 [5.31e-01, 4.94e-01]
292 [5.31e-01, 4.94e-01]
293 [5.31e-01, 4.94e-01]
294 [5.31e-01, 4.94e-01]
295 [5.31e-01, 4.94e-01]
296 [5.31e-01, 4.94e-01]
297 [5.31e-01, 4.94e-01]
298 [5.31e-01, 4.94e-01]
299 [5.31e-01, 4.94e-01]
300 [5.31e-01, 4.94e-01]
301 [5.31e-01, 4.94e-01]
302 [5.31e-01, 4.94e-01]
303 [5.31e-01, 4.94e-01]
304 [5.31e-01, 4.94e-01]
305 [5.31e-01, 4.94e-01]
306 [5.31e-01, 4.94e-01]
307 [5.31e-01, 4.94e-01]
308 [5.31e-01, 4.94e-01]
309 [5.31e-01, 4.94e-01]
310 [5.31e-01, 4.94e-01]
311 [5.31e-01, 4.94e-01]
312 [5.31e-01, 4.94e-01]
313 [5.31e-01, 4.94e-01]
314 [5.31e-01, 4.94e-01]
315 [5.31e-01, 4.94e-01]
316 [5.31e-01, 4.94e-01]
317 [5.31e-01, 4.94e-01]
318 [5.31e-01, 4.94e-01]
319 [5.31e-01, 4.94e-01]
320 [5.31e-01, 4.94e-01]
321 [5.31e-01, 4.94e-01]
322 [5.31e-01, 4.94e-01]
323 [5.31e-01, 4.94e-01]
324 [5.31e-01, 4.94e-01]
325 [5.31e-01, 4.94e-01]
326 [5.31e-01, 4.94e-01]
327 [5.31e-01, 4.94e-01]
328 [5.31e-01, 4.94e-01]
329 [5.31e-01, 4.94e-01]
330 [5.31e-01, 4.94e-01]
331 [5.31e-01, 4.94e-01]
332 [5.31e-01, 4.94e-01]
333 [5.31e-01, 4.94e-01]
334 [5.31e-01, 4.94e-01]
335 [5.31e-01, 4.94e-01]
336 [5.31e-01, 4.94e-01]
337 [5.31e-01, 4.94e-01]
338 [5.31e-01, 4.94e-01]
339 [5.31e-01, 4.94e-01]
340 [5.31e-01, 4.94e-01]
341 [5.31e-01, 4.94e-01]
342 [5.31e-01, 4.94e-01]
343 [5.31e-01, 4.94e-01]
344 [5.31e-01, 4.94e-01]
345 [5.31e-01, 4.94e-01]
346 [5.31e-01, 4.94e-01]
347 [5.31e-01, 4.94e-01]
348 [5.31e-01, 4.94e-01]
349 [5.30e-01, 4.94e-01]
350 [5.30e-01, 4.94e-01]
351 [5.30e-01, 4.94e-01]
352 [5.30e-01, 4.94e-01]
353 [5.30e-01, 4.94e-01]
354 [5.30e-01, 4.94e-01]
355 [5.30e-01, 4.94e-01]
356 [5.30e-01, 4.94e-01]
357 [5.30e-01, 4.94e-01]
358 [5.30e-01, 4.94e-01]
359 [5.30e-01, 4.94e-01]
360 [5.30e-01, 4.94e-01]
361 [5.30e-01, 4.94e-01]
362 [5.30e-01, 4.94e-01]
363 [5.30e-01, 4.94e-01]
364 [5.30e-01, 4.94e-01]
365 [5.30e-01, 4.94e-01]
366 [5.30e-01, 4.94e-01]
367 [5.30e-01, 4.94e-01]
368 [5.30e-01, 4.94e-01]
369 [5.30e-01, 4.94e-01]
370 [5.30e-01, 4.94e-01]
371 [5.30e-01, 4.94e-01]
372 [5.30e-01, 4.94e-01]
373 [5.30e-01, 4.94e-01]
374 [5.30e-01, 4.94e-01]
375 [5.30e-01, 4.94e-01]
376 [5.30e-01, 4.94e-01]
377 [5.30e-01, 4.94e-01]
378 [5.30e-01, 4.94e-01]
379 [5.30e-01, 4.94e-01]
380 [5.30e-01, 4.94e-01]
381 [5.30e-01, 4.94e-01]
382 [5.30e-01, 4.94e-01]
383 [5.30e-01, 4.94e-01]
384 [5.30e-01, 4.94e-01]
385 [5.30e-01, 4.94e-01]
386 [5.30e-01, 4.94e-01]
387 [5.30e-01, 4.94e-01]
388 [5.30e-01, 4.94e-01]
389 [5.30e-01, 4.94e-01]
390 [5.30e-01, 4.94e-01]
391 [5.30e-01, 4.94e-01]
392 [5.30e-01, 4.94e-01]
393 [5.30e-01, 4.94e-01]
394 [5.30e-01, 4.94e-01]
395 [5.30e-01, 4.94e-01]
396 [5.30e-01, 4.94e-01]
397 [5.30e-01, 4.94e-01]
398 [5.30e-01, 4.94e-01]
399 [5.30e-01, 4.94e-01]
400 [5.30e-01, 4.94e-01]
401 [5.30e-01, 4.94e-01]
402 [5.30e-01, 4.94e-01]
403 [5.30e-01, 4.94e-01]
404 [5.30e-01, 4.94e-01]
405 [5.30e-01, 4.94e-01]
406 [5.30e-01, 4.94e-01]
407 [5.30e-01, 4.94e-01]
408 [5.30e-01, 4.94e-01]
409 [5.30e-01, 4.94e-01]
410 [5.30e-01, 4.94e-01]
411 [5.30e-01, 4.94e-01]
412 [5.30e-01, 4.94e-01]
413 [5.30e-01, 4.94e-01]
414 [5.30e-01, 4.94e-01]
415 [5.30e-01, 4.94e-01]
416 [5.30e-01, 4.94e-01]
417 [5.30e-01, 4.94e-01]
418 [5.30e-01, 4.94e-01]
419 [5.30e-01, 4.94e-01]
420 [5.30e-01, 4.94e-01]
421 [5.30e-01, 4.94e-01]
422 [5.30e-01, 4.94e-01]
423 [5.30e-01, 4.94e-01]
424 [5.30e-01, 4.94e-01]
425 [5.30e-01, 4.94e-01]
426 [5.30e-01, 4.94e-01]
427 [5.30e-01, 4.94e-01]
428 [5.30e-01, 4.94e-01]
429 [5.30e-01, 4.94e-01]
430 [5.30e-01, 4.94e-01]
431 [5.30e-01, 4.94e-01]
432 [5.30e-01, 4.94e-01]
433 [5.30e-01, 4.94e-01]
434 [5.30e-01, 4.94e-01]
435 [5.30e-01, 4.94e-01]
436 [5.30e-01, 4.94e-01]
437 [5.30e-01, 4.94e-01]
438 [5.30e-01, 4.94e-01]
439 [5.30e-01, 4.94e-01]
440 [5.30e-01, 4.94e-01]
441 [5.30e-01, 4.94e-01]
442 [5.30e-01, 4.94e-01]
443 [5.30e-01, 4.94e-01]
444 [5.30e-01, 4.94e-01]
445 [5.30e-01, 4.94e-01]
446 [5.30e-01, 4.94e-01]
447 [5.30e-01, 4.94e-01]
448 [5.30e-01, 4.94e-01]
449 [5.30e-01, 4.94e-01]
450 [5.30e-01, 4.94e-01]
451 [5.30e-01, 4.94e-01]
452 [5.30e-01, 4.94e-01]
453 [5.30e-01, 4.94e-01]
454 [5.30e-01, 4.94e-01]
455 [5.30e-01, 4.94e-01]
456 [5.30e-01, 4.94e-01]
457 [5.30e-01, 4.94e-01]
458 [5.30e-01, 4.94e-01]
459 [5.30e-01, 4.94e-01]
460 [5.30e-01, 4.94e-01]
461 [5.30e-01, 4.94e-01]
462 [5.30e-01, 4.94e-01]
463 [5.30e-01, 4.94e-01]
464 [5.30e-01, 4.94e-01]
465 [5.30e-01, 4.94e-01]
466 [5.30e-01, 4.94e-01]
467 [5.30e-01, 4.94e-01]
468 [5.30e-01, 4.94e-01]
469 [5.30e-01, 4.94e-01]
470 [5.30e-01, 4.94e-01]
471 [5.30e-01, 4.94e-01]
472 [5.30e-01, 4.94e-01]
473 [5.30e-01, 4.94e-01]
474 [5.30e-01, 4.94e-01]
475 [5.30e-01, 4.94e-01]
476 [5.30e-01, 4.94e-01]
477 [5.30e-01, 4.94e-01]
478 [5.30e-01, 4.94e-01]
479 [5.30e-01, 4.94e-01]
480 [5.30e-01, 4.94e-01]
481 [5.30e-01, 4.94e-01]
482 [5.30e-01, 4.94e-01]
483 [5.30e-01, 4.94e-01]
484 [5.30e-01, 4.94e-01]
485 [5.30e-01, 4.94e-01]
486 [5.30e-01, 4.94e-01]
487 [5.30e-01, 4.94e-01]
488 [5.30e-01, 4.94e-01]
489 [5.30e-01, 4.94e-01]
490 [5.30e-01, 4.94e-01]
491 [5.30e-01, 4.94e-01]
492 [5.30e-01, 4.94e-01]
493 [5.30e-01, 4.94e-01]
494 [5.30e-01, 4.94e-01]
495 [5.30e-01, 4.94e-01]
496 [5.30e-01, 4.94e-01]
497 [5.30e-01, 4.94e-01]
498 [5.30e-01, 4.94e-01]
499 [5.30e-01, 4.94e-01]
500 [5.30e-01, 4.94e-01]
501 [5.30e-01, 4.94e-01]
502 [5.30e-01, 4.94e-01]
503 [5.30e-01, 4.94e-01]
504 [5.30e-01, 4.94e-01]
505 [5.30e-01, 4.94e-01]
506 [5.30e-01, 4.94e-01]
507 [5.30e-01, 4.94e-01]
508 [5.30e-01, 4.94e-01]
509 [5.30e-01, 4.94e-01]
510 [5.30e-01, 4.94e-01]
511 [5.30e-01, 4.94e-01]
512 [5.30e-01, 4.94e-01]
513 [5.30e-01, 4.94e-01]
514 [5.30e-01, 4.94e-01]
515 [5.30e-01, 4.94e-01]
516 [5.30e-01, 4.94e-01]
517 [5.30e-01, 4.94e-01]
518 [5.30e-01, 4.94e-01]
519 [5.30e-01, 4.94e-01]
520 [5.30e-01, 4.94e-01]
521 [5.30e-01, 4.94e-01]
522 [5.30e-01, 4.94e-01]
523 [5.30e-01, 4.94e-01]
524 [5.30e-01, 4.94e-01]
525 [5.30e-01, 4.94e-01]
526 [5.30e-01, 4.94e-01]
527 [5.30e-01, 4.94e-01]
528 [5.30e-01, 4.94e-01]
529 [5.30e-01, 4.94e-01]
530 [5.30e-01, 4.94e-01]
531 [5.30e-01, 4.94e-01]
532 [5.30e-01, 4.94e-01]
533 [5.30e-01, 4.94e-01]
534 [5.30e-01, 4.94e-01]
535 [5.30e-01, 4.94e-01]
536 [5.30e-01, 4.94e-01]
537 [5.30e-01, 4.94e-01]
538 [5.30e-01, 4.94e-01]
539 [5.30e-01, 4.94e-01]
540 [5.30e-01, 4.94e-01]
541 [5.30e-01, 4.94e-01]
542 [5.30e-01, 4.94e-01]
543 [5.30e-01, 4.94e-01]
544 [5.30e-01, 4.94e-01]
545 [5.30e-01, 4.94e-01]
546 [5.30e-01, 4.94e-01]
547 [5.30e-01, 4.94e-01]
548 [5.30e-01, 4.94e-01]
549 [5.30e-01, 4.94e-01]
550 [5.30e-01, 4.94e-01]
551 [5.30e-01, 4.94e-01]
552 [5.30e-01, 4.94e-01]
553 [5.30e-01, 4.94e-01]
554 [5.30e-01, 4.94e-01]
555 [5.30e-01, 4.94e-01]
556 [5.30e-01, 4.94e-01]
557 [5.30e-01, 4.94e-01]
558 [5.30e-01, 4.94e-01]
559 [5.30e-01, 4.94e-01]
560 [5.30e-01, 4.94e-01]
561 [5.30e-01, 4.94e-01]
562 [5.30e-01, 4.94e-01]
563 [5.30e-01, 4.94e-01]
564 [5.30e-01, 4.94e-01]
565 [5.30e-01, 4.94e-01]
566 [5.30e-01, 4.94e-01]
567 [5.30e-01, 4.94e-01]
568 [5.29e-01, 4.94e-01]
569 [5.29e-01, 4.94e-01]
570 [5.29e-01, 4.94e-01]
571 [5.29e-01, 4.94e-01]
572 [5.29e-01, 4.94e-01]
573 [5.29e-01, 4.94e-01]
574 [5.29e-01, 4.94e-01]
575 [5.29e-01, 4.94e-01]
576 [5.29e-01, 4.94e-01]
577 [5.29e-01, 4.94e-01]
578 [5.29e-01, 4.94e-01]
579 [5.29e-01, 4.94e-01]
580 [5.29e-01, 4.94e-01]
581 [5.29e-01, 4.94e-01]
582 [5.29e-01, 4.94e-01]
583 [5.29e-01, 4.94e-01]
584 [5.29e-01, 4.94e-01]
585 [5.29e-01, 4.94e-01]
586 [5.29e-01, 4.94e-01]
587 [5.29e-01, 4.94e-01]
588 [5.29e-01, 4.94e-01]
589 [5.29e-01, 4.94e-01]
590 [5.29e-01, 4.94e-01]
591 [5.29e-01, 4.94e-01]
592 [5.29e-01, 4.94e-01]
593 [5.29e-01, 4.94e-01]
594 [5.29e-01, 4.94e-01]
595 [5.29e-01, 4.94e-01]
596 [5.29e-01, 4.94e-01]
597 [5.29e-01, 4.94e-01]
598 [5.29e-01, 4.94e-01]
599 [5.29e-01, 4.94e-01]
600 [5.29e-01, 4.94e-01]
601 [5.29e-01, 4.94e-01]
602 [5.29e-01, 4.94e-01]
603 [5.29e-01, 4.94e-01]
604 [5.29e-01, 4.94e-01]
605 [5.29e-01, 4.94e-01]
606 [5.29e-01, 4.94e-01]
607 [5.29e-01, 4.94e-01]
608 [5.29e-01, 4.94e-01]
609 [5.29e-01, 4.94e-01]
610 [5.29e-01, 4.94e-01]
611 [5.29e-01, 4.94e-01]
612 [5.29e-01, 4.94e-01]
613 [5.29e-01, 4.94e-01]
614 [5.29e-01, 4.94e-01]
615 [5.29e-01, 4.94e-01]
616 [5.29e-01, 4.94e-01]
617 [5.29e-01, 4.94e-01]
618 [5.29e-01, 4.94e-01]
619 [5.29e-01, 4.94e-01]
620 [5.29e-01, 4.94e-01]
621 [5.29e-01, 4.94e-01]
622 [5.29e-01, 4.94e-01]
623 [5.29e-01, 4.94e-01]
624 [5.29e-01, 4.94e-01]
625 [5.29e-01, 4.94e-01]
626 [5.29e-01, 4.94e-01]
627 [5.29e-01, 4.94e-01]
628 [5.29e-01, 4.94e-01]
629 [5.29e-01, 4.94e-01]
630 [5.29e-01, 4.94e-01]
631 [5.29e-01, 4.94e-01]
632 [5.29e-01, 4.94e-01]
633 [5.29e-01, 4.94e-01]
634 [5.29e-01, 4.94e-01]
635 [5.29e-01, 4.94e-01]
636 [5.29e-01, 4.94e-01]
637 [5.29e-01, 4.94e-01]
638 [5.29e-01, 4.94e-01]
639 [5.29e-01, 4.94e-01]
640 [5.29e-01, 4.94e-01]
641 [5.29e-01, 4.94e-01]
642 [5.29e-01, 4.94e-01]
643 [5.29e-01, 4.94e-01]
644 [5.29e-01, 4.94e-01]
645 [5.29e-01, 4.94e-01]
646 [5.29e-01, 4.94e-01]
647 [5.29e-01, 4.94e-01]
648 [5.29e-01, 4.94e-01]
649 [5.29e-01, 4.94e-01]
650 [5.29e-01, 4.94e-01]
651 [5.29e-01, 4.94e-01]
652 [5.29e-01, 4.94e-01]
653 [5.29e-01, 4.94e-01]
654 [5.29e-01, 4.94e-01]
655 [5.29e-01, 4.94e-01]
656 [5.29e-01, 4.94e-01]
657 [5.29e-01, 4.94e-01]
658 [5.29e-01, 4.94e-01]
659 [5.29e-01, 4.94e-01]
660 [5.29e-01, 4.94e-01]
661 [5.29e-01, 4.94e-01]
662 [5.29e-01, 4.94e-01]
663 [5.29e-01, 4.94e-01]
664 [5.29e-01, 4.94e-01]
665 [5.29e-01, 4.94e-01]
666 [5.29e-01, 4.94e-01]
667 [5.29e-01, 4.94e-01]
668 [5.29e-01, 4.94e-01]
669 [5.29e-01, 4.94e-01]
670 [5.29e-01, 4.94e-01]
671 [5.29e-01, 4.94e-01]
672 [5.29e-01, 4.94e-01]
673 [5.29e-01, 4.94e-01]
674 [5.29e-01, 4.94e-01]
675 [5.29e-01, 4.94e-01]
676 [5.29e-01, 4.94e-01]
677 [5.29e-01, 4.94e-01]
678 [5.29e-01, 4.94e-01]
679 [5.29e-01, 4.94e-01]
680 [5.29e-01, 4.94e-01]
681 [5.29e-01, 4.94e-01]
682 [5.29e-01, 4.94e-01]
683 [5.29e-01, 4.94e-01]
684 [5.29e-01, 4.94e-01]
685 [5.29e-01, 4.94e-01]
686 [5.29e-01, 4.94e-01]
687 [5.29e-01, 4.94e-01]
688 [5.29e-01, 4.94e-01]
689 [5.29e-01, 4.94e-01]
690 [5.29e-01, 4.94e-01]
691 [5.29e-01, 4.94e-01]
692 [5.29e-01, 4.94e-01]
693 [5.29e-01, 4.94e-01]
694 [5.29e-01, 4.94e-01]
695 [5.29e-01, 4.94e-01]
696 [5.29e-01, 4.94e-01]
697 [5.29e-01, 4.94e-01]
698 [5.29e-01, 4.94e-01]
699 [5.29e-01, 4.94e-01]
700 [5.29e-01, 4.94e-01]
701 [5.29e-01, 4.94e-01]
702 [5.29e-01, 4.94e-01]
703 [5.29e-01, 4.94e-01]
704 [5.29e-01, 4.94e-01]
705 [5.29e-01, 4.94e-01]
706 [5.29e-01, 4.94e-01]
707 [5.29e-01, 4.94e-01]
708 [5.29e-01, 4.94e-01]
709 [5.29e-01, 4.94e-01]
710 [5.29e-01, 4.94e-01]
711 [5.29e-01, 4.94e-01]
712 [5.29e-01, 4.94e-01]
713 [5.29e-01, 4.94e-01]
714 [5.29e-01, 4.94e-01]
715 [5.29e-01, 4.94e-01]
716 [5.29e-01, 4.94e-01]
717 [5.29e-01, 4.94e-01]
718 [5.29e-01, 4.94e-01]
719 [5.29e-01, 4.94e-01]
720 [5.29e-01, 4.94e-01]
721 [5.29e-01, 4.94e-01]
722 [5.29e-01, 4.94e-01]
723 [5.29e-01, 4.94e-01]
724 [5.29e-01, 4.94e-01]
725 [5.29e-01, 4.94e-01]
726 [5.29e-01, 4.94e-01]
727 [5.29e-01, 4.94e-01]
728 [5.29e-01, 4.94e-01]
729 [5.29e-01, 4.94e-01]
730 [5.29e-01, 4.94e-01]
731 [5.29e-01, 4.94e-01]
732 [5.29e-01, 4.94e-01]
733 [5.29e-01, 4.94e-01]
734 [5.29e-01, 4.94e-01]
735 [5.29e-01, 4.94e-01]
736 [5.29e-01, 4.94e-01]
737 [5.29e-01, 4.94e-01]
738 [5.29e-01, 4.94e-01]
739 [5.29e-01, 4.94e-01]
740 [5.29e-01, 4.94e-01]
741 [5.29e-01, 4.94e-01]
742 [5.29e-01, 4.94e-01]
743 [5.29e-01, 4.94e-01]
744 [5.29e-01, 4.94e-01]
745 [5.29e-01, 4.94e-01]
746 [5.29e-01, 4.94e-01]
747 [5.29e-01, 4.94e-01]
748 [5.29e-01, 4.94e-01]
749 [5.29e-01, 4.94e-01]
750 [5.29e-01, 4.94e-01]
751 [5.29e-01, 4.94e-01]
752 [5.29e-01, 4.94e-01]
753 [5.29e-01, 4.94e-01]
754 [5.29e-01, 4.94e-01]
755 [5.29e-01, 4.94e-01]
756 [5.29e-01, 4.94e-01]
757 [5.29e-01, 4.94e-01]
758 [5.29e-01, 4.94e-01]
759 [5.29e-01, 4.94e-01]
760 [5.29e-01, 4.94e-01]
761 [5.29e-01, 4.94e-01]
762 [5.29e-01, 4.94e-01]
763 [5.29e-01, 4.94e-01]
764 [5.29e-01, 4.94e-01]
765 [5.29e-01, 4.94e-01]
766 [5.29e-01, 4.94e-01]
767 [5.29e-01, 4.94e-01]
768 [5.29e-01, 4.94e-01]
769 [5.29e-01, 4.94e-01]
770 [5.29e-01, 4.94e-01]
771 [5.29e-01, 4.94e-01]
772 [5.29e-01, 4.94e-01]
773 [5.29e-01, 4.94e-01]
774 [5.29e-01, 4.94e-01]
775 [5.29e-01, 4.94e-01]
776 [5.29e-01, 4.94e-01]
777 [5.29e-01, 4.94e-01]
778 [5.29e-01, 4.94e-01]
779 [5.29e-01, 4.94e-01]
780 [5.29e-01, 4.94e-01]
781 [5.29e-01, 4.94e-01]
782 [5.29e-01, 4.94e-01]
783 [5.29e-01, 4.94e-01]
784 [5.29e-01, 4.94e-01]
785 [5.29e-01, 4.94e-01]
786 [5.29e-01, 4.94e-01]
787 [5.29e-01, 4.94e-01]
788 [5.29e-01, 4.94e-01]
789 [5.29e-01, 4.94e-01]
790 [5.29e-01, 4.94e-01]
791 [5.29e-01, 4.94e-01]
792 [5.29e-01, 4.94e-01]
793 [5.29e-01, 4.94e-01]
794 [5.29e-01, 4.94e-01]
795 [5.29e-01, 4.94e-01]
796 [5.29e-01, 4.94e-01]
797 [5.29e-01, 4.94e-01]
798 [5.29e-01, 4.94e-01]
799 [5.29e-01, 4.94e-01]
800 [5.29e-01, 4.94e-01]
801 [5.29e-01, 4.94e-01]
802 [5.29e-01, 4.94e-01]
803 [5.29e-01, 4.94e-01]
804 [5.29e-01, 4.94e-01]
805 [5.29e-01, 4.94e-01]
806 [5.29e-01, 4.94e-01]
807 [5.29e-01, 4.94e-01]
808 [5.29e-01, 4.94e-01]
809 [5.29e-01, 4.94e-01]
810 [5.29e-01, 4.94e-01]
811 [5.29e-01, 4.94e-01]
812 [5.29e-01, 4.94e-01]
813 [5.29e-01, 4.94e-01]
814 [5.29e-01, 4.94e-01]
815 [5.29e-01, 4.94e-01]
816 [5.29e-01, 4.94e-01]
817 [5.29e-01, 4.94e-01]
818 [5.29e-01, 4.94e-01]
819 [5.29e-01, 4.94e-01]
820 [5.29e-01, 4.94e-01]
821 [5.29e-01, 4.94e-01]
822 [5.29e-01, 4.94e-01]
823 [5.29e-01, 4.94e-01]
824 [5.29e-01, 4.94e-01]
825 [5.29e-01, 4.94e-01]
826 [5.29e-01, 4.94e-01]
827 [5.29e-01, 4.94e-01]
828 [5.29e-01, 4.94e-01]
829 [5.29e-01, 4.94e-01]
830 [5.29e-01, 4.94e-01]
831 [5.29e-01, 4.94e-01]
832 [5.29e-01, 4.94e-01]
833 [5.29e-01, 4.94e-01]
834 [5.29e-01, 4.94e-01]
835 [5.29e-01, 4.94e-01]
836 [5.29e-01, 4.94e-01]
837 [5.29e-01, 4.94e-01]
838 [5.29e-01, 4.94e-01]
839 [5.29e-01, 4.94e-01]
840 [5.29e-01, 4.94e-01]
841 [5.29e-01, 4.94e-01]
842 [5.29e-01, 4.94e-01]
843 [5.29e-01, 4.94e-01]
844 [5.29e-01, 4.94e-01]
845 [5.29e-01, 4.94e-01]
846 [5.29e-01, 4.94e-01]
847 [5.29e-01, 4.94e-01]
848 [5.29e-01, 4.94e-01]
849 [5.29e-01, 4.94e-01]
850 [5.29e-01, 4.94e-01]
851 [5.29e-01, 4.94e-01]
852 [5.29e-01, 4.94e-01]
853 [5.29e-01, 4.94e-01]
854 [5.29e-01, 4.93e-01]
855 [5.29e-01, 4.93e-01]
856 [5.29e-01, 4.93e-01]
857 [5.29e-01, 4.93e-01]
858 [5.29e-01, 4.93e-01]
859 [5.29e-01, 4.93e-01]
860 [5.29e-01, 4.93e-01]
861 [5.29e-01, 4.93e-01]
862 [5.29e-01, 4.93e-01]
863 [5.29e-01, 4.93e-01]
864 [5.29e-01, 4.93e-01]
865 [5.29e-01, 4.93e-01]
866 [5.29e-01, 4.93e-01]
867 [5.29e-01, 4.93e-01]
868 [5.29e-01, 4.93e-01]
869 [5.29e-01, 4.93e-01]
870 [5.29e-01, 4.93e-01]
871 [5.29e-01, 4.93e-01]
872 [5.29e-01, 4.93e-01]
873 [5.29e-01, 4.93e-01]
874 [5.29e-01, 4.93e-01]
875 [5.29e-01, 4.93e-01]
876 [5.29e-01, 4.93e-01]
877 [5.29e-01, 4.93e-01]
878 [5.29e-01, 4.93e-01]
879 [5.29e-01, 4.93e-01]
880 [5.29e-01, 4.93e-01]
881 [5.29e-01, 4.93e-01]
882 [5.29e-01, 4.93e-01]
883 [5.29e-01, 4.93e-01]
884 [5.29e-01, 4.93e-01]
885 [5.29e-01, 4.93e-01]
886 [5.29e-01, 4.93e-01]
887 [5.29e-01, 4.93e-01]
888 [5.29e-01, 4.93e-01]
889 [5.29e-01, 4.93e-01]
890 [5.29e-01, 4.93e-01]
891 [5.29e-01, 4.93e-01]
892 [5.29e-01, 4.93e-01]
893 [5.29e-01, 4.93e-01]
894 [5.29e-01, 4.93e-01]
895 [5.29e-01, 4.93e-01]
896 [5.29e-01, 4.93e-01]
897 [5.29e-01, 4.93e-01]
898 [5.29e-01, 4.93e-01]
899 [5.29e-01, 4.93e-01]
900 [5.29e-01, 4.93e-01]
901 [5.29e-01, 4.93e-01]
902 [5.29e-01, 4.93e-01]
903 [5.29e-01, 4.93e-01]
904 [5.29e-01, 4.93e-01]
905 [5.29e-01, 4.93e-01]
906 [5.29e-01, 4.93e-01]
907 [5.29e-01, 4.93e-01]
908 [5.29e-01, 4.93e-01]
909 [5.29e-01, 4.93e-01]
910 [5.29e-01, 4.93e-01]
911 [5.29e-01, 4.93e-01]
912 [5.29e-01, 4.93e-01]
913 [5.29e-01, 4.93e-01]
914 [5.29e-01, 4.93e-01]
915 [5.29e-01, 4.93e-01]
916 [5.29e-01, 4.93e-01]
917 [5.29e-01, 4.93e-01]
918 [5.29e-01, 4.93e-01]
919 [5.29e-01, 4.93e-01]
920 [5.29e-01, 4.93e-01]
921 [5.29e-01, 4.93e-01]
922 [5.29e-01, 4.93e-01]
923 [5.29e-01, 4.93e-01]
924 [5.29e-01, 4.93e-01]
925 [5.29e-01, 4.93e-01]
926 [5.29e-01, 4.93e-01]
927 [5.29e-01, 4.93e-01]
928 [5.29e-01, 4.93e-01]
929 [5.29e-01, 4.93e-01]
930 [5.29e-01, 4.93e-01]
931 [5.29e-01, 4.93e-01]
932 [5.29e-01, 4.93e-01]
933 [5.29e-01, 4.93e-01]
934 [5.29e-01, 4.93e-01]
935 [5.29e-01, 4.93e-01]
936 [5.29e-01, 4.93e-01]
937 [5.29e-01, 4.93e-01]
938 [5.29e-01, 4.93e-01]
939 [5.29e-01, 4.93e-01]
940 [5.29e-01, 4.93e-01]
941 [5.29e-01, 4.93e-01]
942 [5.29e-01, 4.93e-01]
943 [5.29e-01, 4.93e-01]
944 [5.29e-01, 4.93e-01]
945 [5.29e-01, 4.93e-01]
946 [5.29e-01, 4.93e-01]
947 [5.29e-01, 4.93e-01]
948 [5.29e-01, 4.93e-01]
949 [5.29e-01, 4.93e-01]
950 [5.29e-01, 4.93e-01]
951 [5.29e-01, 4.93e-01]
952 [5.29e-01, 4.93e-01]
953 [5.29e-01, 4.93e-01]
954 [5.29e-01, 4.93e-01]
955 [5.29e-01, 4.93e-01]
956 [5.29e-01, 4.93e-01]
957 [5.29e-01, 4.93e-01]
958 [5.29e-01, 4.93e-01]
959 [5.29e-01, 4.93e-01]
960 [5.29e-01, 4.93e-01]
961 [5.29e-01, 4.93e-01]
962 [5.29e-01, 4.93e-01]
963 [5.29e-01, 4.93e-01]
964 [5.29e-01, 4.93e-01]
965 [5.29e-01, 4.93e-01]
966 [5.29e-01, 4.93e-01]
967 [5.29e-01, 4.93e-01]
968 [5.29e-01, 4.93e-01]
969 [5.29e-01, 4.93e-01]
970 [5.29e-01, 4.93e-01]
971 [5.29e-01, 4.93e-01]
972 [5.29e-01, 4.93e-01]
973 [5.29e-01, 4.93e-01]
974 [5.29e-01, 4.93e-01]
975 [5.29e-01, 4.93e-01]
976 [5.29e-01, 4.93e-01]
977 [5.29e-01, 4.93e-01]
978 [5.29e-01, 4.93e-01]
979 [5.29e-01, 4.93e-01]
980 [5.29e-01, 4.93e-01]
981 [5.29e-01, 4.93e-01]
982 [5.29e-01, 4.93e-01]
983 [5.29e-01, 4.93e-01]
984 [5.29e-01, 4.93e-01]
985 [5.29e-01, 4.93e-01]
986 [5.29e-01, 4.93e-01]
987 [5.29e-01, 4.93e-01]
988 [5.29e-01, 4.93e-01]
989 [5.29e-01, 4.93e-01]
990 [5.29e-01, 4.93e-01]
991 [5.29e-01, 4.93e-01]
992 [5.29e-01, 4.93e-01]
993 [5.29e-01, 4.93e-01]
994 [5.29e-01, 4.93e-01]
995 [5.29e-01, 4.93e-01]
996 [5.29e-01, 4.93e-01]
997 [5.29e-01, 4.93e-01]
998 [5.29e-01, 4.93e-01]
999 [5.29e-01, 4.93e-01]
1000 [5.29e-01, 4.93e-01]
1001 [5.29e-01, 4.93e-01]
1002 [5.29e-01, 4.93e-01]
1003 [5.29e-01, 4.93e-01]
1004 [5.29e-01, 4.93e-01]
1005 [5.29e-01, 4.93e-01]
1006 [5.29e-01, 4.93e-01]
1007 [5.29e-01, 4.93e-01]
1008 [5.29e-01, 4.93e-01]
1009 [5.29e-01, 4.93e-01]
1010 [5.29e-01, 4.93e-01]
1011 [5.29e-01, 4.93e-01]
1012 [5.29e-01, 4.93e-01]
1013 [5.29e-01, 4.93e-01]
1014 [5.29e-01, 4.93e-01]
1015 [5.29e-01, 4.93e-01]
1016 [5.29e-01, 4.93e-01]
1017 [5.29e-01, 4.93e-01]
1018 [5.29e-01, 4.93e-01]
1019 [5.29e-01, 4.93e-01]
1020 [5.29e-01, 4.93e-01]
1021 [5.29e-01, 4.93e-01]
1022 [5.29e-01, 4.93e-01]
1023 [5.29e-01, 4.93e-01]
1024 [5.29e-01, 4.93e-01]
1025 [5.29e-01, 4.93e-01]
1026 [5.29e-01, 4.93e-01]
1027 [5.29e-01, 4.93e-01]
1028 [5.29e-01, 4.93e-01]
1029 [5.29e-01, 4.93e-01]
1030 [5.29e-01, 4.93e-01]
1031 [5.29e-01, 4.93e-01]
1032 [5.29e-01, 4.93e-01]
1033 [5.29e-01, 4.93e-01]
1034 [5.29e-01, 4.93e-01]
1035 [5.29e-01, 4.93e-01]
1036 [5.29e-01, 4.93e-01]
1037 [5.29e-01, 4.93e-01]
1038 [5.29e-01, 4.93e-01]
1039 [5.29e-01, 4.93e-01]
1040 [5.29e-01, 4.93e-01]
1041 [5.29e-01, 4.93e-01]
1042 [5.29e-01, 4.93e-01]
1043 [5.29e-01, 4.93e-01]
1044 [5.29e-01, 4.93e-01]
1045 [5.29e-01, 4.93e-01]
1046 [5.29e-01, 4.93e-01]
1047 [5.29e-01, 4.93e-01]
1048 [5.29e-01, 4.93e-01]
1049 [5.29e-01, 4.93e-01]
1050 [5.29e-01, 4.93e-01]
1051 [5.29e-01, 4.93e-01]
1052 [5.29e-01, 4.93e-01]
1053 [5.29e-01, 4.93e-01]
1054 [5.29e-01, 4.93e-01]
1055 [5.29e-01, 4.93e-01]
1056 [5.29e-01, 4.93e-01]
1057 [5.29e-01, 4.93e-01]
1058 [5.29e-01, 4.93e-01]
1059 [5.29e-01, 4.93e-01]
1060 [5.29e-01, 4.93e-01]
1061 [5.29e-01, 4.93e-01]
1062 [5.29e-01, 4.93e-01]
1063 [5.29e-01, 4.93e-01]
1064 [5.29e-01, 4.93e-01]
1065 [5.29e-01, 4.93e-01]
1066 [5.29e-01, 4.93e-01]
1067 [5.29e-01, 4.93e-01]
1068 [5.29e-01, 4.93e-01]
1069 [5.29e-01, 4.93e-01]
1070 [5.29e-01, 4.93e-01]
1071 [5.29e-01, 4.93e-01]
1072 [5.29e-01, 4.93e-01]
1073 [5.29e-01, 4.93e-01]
1074 [5.29e-01, 4.93e-01]
1075 [5.29e-01, 4.93e-01]
1076 [5.29e-01, 4.93e-01]
1077 [5.29e-01, 4.93e-01]
1078 [5.29e-01, 4.93e-01]
1079 [5.29e-01, 4.93e-01]
1080 [5.29e-01, 4.93e-01]
1081 [5.29e-01, 4.93e-01]
1082 [5.29e-01, 4.93e-01]
1083 [5.29e-01, 4.93e-01]
1084 [5.29e-01, 4.93e-01]
1085 [5.29e-01, 4.93e-01]
1086 [5.29e-01, 4.93e-01]
1087 [5.29e-01, 4.93e-01]
1088 [5.29e-01, 4.93e-01]
1089 [5.29e-01, 4.93e-01]
1090 [5.29e-01, 4.93e-01]
1091 [5.29e-01, 4.93e-01]
1092 [5.29e-01, 4.93e-01]
1093 [5.29e-01, 4.93e-01]
1094 [5.29e-01, 4.93e-01]
1095 [5.29e-01, 4.93e-01]
1096 [5.29e-01, 4.93e-01]
1097 [5.29e-01, 4.93e-01]
1098 [5.29e-01, 4.93e-01]
1099 [5.29e-01, 4.93e-01]
1100 [5.29e-01, 4.93e-01]
1101 [5.29e-01, 4.93e-01]
1102 [5.29e-01, 4.93e-01]
1103 [5.29e-01, 4.93e-01]
1104 [5.29e-01, 4.93e-01]
1105 [5.29e-01, 4.93e-01]
1106 [5.29e-01, 4.93e-01]
1107 [5.29e-01, 4.93e-01]
1108 [5.29e-01, 4.93e-01]
1109 [5.29e-01, 4.93e-01]
1110 [5.29e-01, 4.93e-01]
1111 [5.29e-01, 4.93e-01]
1112 [5.29e-01, 4.93e-01]
1113 [5.29e-01, 4.93e-01]
1114 [5.29e-01, 4.93e-01]
1115 [5.29e-01, 4.93e-01]
1116 [5.29e-01, 4.93e-01]
1117 [5.29e-01, 4.93e-01]
1118 [5.29e-01, 4.93e-01]
1119 [5.29e-01, 4.92e-01]
1120 [5.29e-01, 4.92e-01]
1121 [5.29e-01, 4.92e-01]
1122 [5.29e-01, 4.92e-01]
1123 [5.29e-01, 4.92e-01]
1124 [5.29e-01, 4.92e-01]
1125 [5.29e-01, 4.92e-01]
1126 [5.29e-01, 4.92e-01]
1127 [5.29e-01, 4.92e-01]
1128 [5.29e-01, 4.92e-01]
1129 [5.29e-01, 4.92e-01]
1130 [5.29e-01, 4.92e-01]
1131 [5.29e-01, 4.92e-01]
1132 [5.29e-01, 4.92e-01]
1133 [5.29e-01, 4.92e-01]
1134 [5.29e-01, 4.92e-01]
1135 [5.29e-01, 4.92e-01]
1136 [5.29e-01, 4.92e-01]
1137 [5.29e-01, 4.92e-01]
1138 [5.29e-01, 4.92e-01]
1139 [5.29e-01, 4.92e-01]
1140 [5.29e-01, 4.92e-01]
1141 [5.29e-01, 4.92e-01]
1142 [5.29e-01, 4.92e-01]
1143 [5.29e-01, 4.92e-01]
1144 [5.29e-01, 4.92e-01]
1145 [5.29e-01, 4.92e-01]
1146 [5.29e-01, 4.92e-01]
1147 [5.29e-01, 4.92e-01]
1148 [5.29e-01, 4.92e-01]
1149 [5.29e-01, 4.92e-01]
1150 [5.29e-01, 4.92e-01]
1151 [5.29e-01, 4.92e-01]
1152 [5.29e-01, 4.92e-01]
1153 [5.29e-01, 4.92e-01]
1154 [5.29e-01, 4.92e-01]
1155 [5.29e-01, 4.92e-01]
1156 [5.29e-01, 4.92e-01]
1157 [5.29e-01, 4.92e-01]
1158 [5.29e-01, 4.92e-01]
1159 [5.29e-01, 4.92e-01]
1160 [5.30e-01, 4.92e-01]
1161 [5.30e-01, 4.92e-01]
1162 [5.30e-01, 4.92e-01]
1163 [5.30e-01, 4.92e-01]
1164 [5.30e-01, 4.92e-01]
1165 [5.30e-01, 4.92e-01]
1166 [5.30e-01, 4.92e-01]
1167 [5.30e-01, 4.92e-01]
1168 [5.30e-01, 4.92e-01]
1169 [5.30e-01, 4.92e-01]
1170 [5.30e-01, 4.92e-01]
1171 [5.30e-01, 4.92e-01]
1172 [5.30e-01, 4.92e-01]
1173 [5.30e-01, 4.92e-01]
1174 [5.30e-01, 4.92e-01]
1175 [5.30e-01, 4.92e-01]
1176 [5.30e-01, 4.92e-01]
1177 [5.30e-01, 4.92e-01]
1178 [5.30e-01, 4.92e-01]
1179 [5.30e-01, 4.92e-01]
1180 [5.30e-01, 4.92e-01]
1181 [5.30e-01, 4.92e-01]
1182 [5.30e-01, 4.92e-01]
1183 [5.30e-01, 4.92e-01]
1184 [5.30e-01, 4.92e-01]
1185 [5.30e-01, 4.92e-01]
1186 [5.30e-01, 4.92e-01]
1187 [5.30e-01, 4.92e-01]
1188 [5.30e-01, 4.92e-01]
1189 [5.30e-01, 4.92e-01]
1190 [5.30e-01, 4.92e-01]
1191 [5.30e-01, 4.92e-01]
1192 [5.30e-01, 4.92e-01]
1193 [5.30e-01, 4.92e-01]
1194 [5.30e-01, 4.92e-01]
1195 [5.30e-01, 4.92e-01]
1196 [5.30e-01, 4.92e-01]
1197 [5.30e-01, 4.92e-01]
1198 [5.30e-01, 4.92e-01]
1199 [5.30e-01, 4.92e-01]
1200 [5.30e-01, 4.92e-01]
1201 [5.30e-01, 4.92e-01]
1202 [5.30e-01, 4.92e-01]
1203 [5.30e-01, 4.92e-01]
1204 [5.30e-01, 4.92e-01]
1205 [5.30e-01, 4.92e-01]
1206 [5.30e-01, 4.92e-01]
1207 [5.30e-01, 4.92e-01]
1208 [5.30e-01, 4.92e-01]
1209 [5.30e-01, 4.92e-01]
1210 [5.30e-01, 4.92e-01]
1211 [5.30e-01, 4.92e-01]
1212 [5.30e-01, 4.92e-01]
1213 [5.30e-01, 4.92e-01]
1214 [5.30e-01, 4.92e-01]
1215 [5.30e-01, 4.92e-01]
1216 [5.30e-01, 4.92e-01]
1217 [5.30e-01, 4.92e-01]
1218 [5.30e-01, 4.92e-01]
1219 [5.30e-01, 4.92e-01]
1220 [5.30e-01, 4.92e-01]
1221 [5.30e-01, 4.92e-01]
1222 [5.30e-01, 4.92e-01]
1223 [5.30e-01, 4.92e-01]
1224 [5.30e-01, 4.92e-01]
1225 [5.30e-01, 4.92e-01]
1226 [5.30e-01, 4.92e-01]
1227 [5.30e-01, 4.92e-01]
1228 [5.30e-01, 4.92e-01]
1229 [5.30e-01, 4.92e-01]
1230 [5.30e-01, 4.92e-01]
1231 [5.30e-01, 4.92e-01]
1232 [5.30e-01, 4.92e-01]
1233 [5.30e-01, 4.92e-01]
1234 [5.30e-01, 4.92e-01]
1235 [5.30e-01, 4.92e-01]
1236 [5.30e-01, 4.92e-01]
1237 [5.30e-01, 4.92e-01]
1238 [5.30e-01, 4.92e-01]
1239 [5.30e-01, 4.92e-01]
1240 [5.30e-01, 4.92e-01]
1241 [5.30e-01, 4.92e-01]
1242 [5.30e-01, 4.92e-01]
1243 [5.30e-01, 4.92e-01]
1244 [5.30e-01, 4.92e-01]
1245 [5.30e-01, 4.92e-01]
1246 [5.30e-01, 4.92e-01]
1247 [5.30e-01, 4.92e-01]
1248 [5.30e-01, 4.92e-01]
1249 [5.30e-01, 4.92e-01]
1250 [5.30e-01, 4.92e-01]
1251 [5.30e-01, 4.92e-01]
1252 [5.30e-01, 4.92e-01]
1253 [5.30e-01, 4.92e-01]
1254 [5.30e-01, 4.92e-01]
1255 [5.30e-01, 4.92e-01]
1256 [5.30e-01, 4.92e-01]
1257 [5.30e-01, 4.92e-01]
1258 [5.30e-01, 4.92e-01]
1259 [5.30e-01, 4.92e-01]
1260 [5.30e-01, 4.92e-01]
1261 [5.30e-01, 4.92e-01]
1262 [5.30e-01, 4.92e-01]
1263 [5.30e-01, 4.92e-01]
1264 [5.30e-01, 4.92e-01]
1265 [5.30e-01, 4.92e-01]
1266 [5.30e-01, 4.92e-01]
1267 [5.30e-01, 4.92e-01]
1268 [5.30e-01, 4.92e-01]
1269 [5.30e-01, 4.92e-01]
1270 [5.30e-01, 4.92e-01]
1271 [5.30e-01, 4.92e-01]
1272 [5.30e-01, 4.92e-01]
1273 [5.30e-01, 4.92e-01]
1274 [5.30e-01, 4.92e-01]
1275 [5.30e-01, 4.92e-01]
1276 [5.30e-01, 4.92e-01]
1277 [5.30e-01, 4.92e-01]
1278 [5.30e-01, 4.92e-01]
1279 [5.30e-01, 4.92e-01]
1280 [5.30e-01, 4.92e-01]
1281 [5.30e-01, 4.92e-01]
1282 [5.30e-01, 4.92e-01]
1283 [5.30e-01, 4.92e-01]
1284 [5.30e-01, 4.92e-01]
1285 [5.30e-01, 4.92e-01]
1286 [5.30e-01, 4.92e-01]
1287 [5.30e-01, 4.92e-01]
1288 [5.30e-01, 4.92e-01]
1289 [5.30e-01, 4.92e-01]
1290 [5.30e-01, 4.92e-01]
1291 [5.30e-01, 4.92e-01]
1292 [5.30e-01, 4.92e-01]
1293 [5.30e-01, 4.92e-01]
1294 [5.30e-01, 4.92e-01]
1295 [5.30e-01, 4.92e-01]
1296 [5.30e-01, 4.92e-01]
1297 [5.30e-01, 4.92e-01]
1298 [5.30e-01, 4.92e-01]
1299 [5.30e-01, 4.92e-01]
1300 [5.30e-01, 4.92e-01]
1301 [5.30e-01, 4.92e-01]
1302 [5.30e-01, 4.92e-01]
1303 [5.30e-01, 4.92e-01]
1304 [5.30e-01, 4.92e-01]
1305 [5.30e-01, 4.91e-01]
1306 [5.30e-01, 4.91e-01]
1307 [5.30e-01, 4.91e-01]
1308 [5.30e-01, 4.91e-01]
1309 [5.30e-01, 4.91e-01]
1310 [5.30e-01, 4.91e-01]
1311 [5.30e-01, 4.91e-01]
1312 [5.30e-01, 4.91e-01]
1313 [5.30e-01, 4.91e-01]
1314 [5.30e-01, 4.91e-01]
1315 [5.30e-01, 4.91e-01]
1316 [5.30e-01, 4.91e-01]
1317 [5.30e-01, 4.91e-01]
1318 [5.30e-01, 4.91e-01]
1319 [5.30e-01, 4.91e-01]
1320 [5.30e-01, 4.91e-01]
1321 [5.30e-01, 4.91e-01]
1322 [5.30e-01, 4.91e-01]
1323 [5.30e-01, 4.91e-01]
1324 [5.30e-01, 4.91e-01]
1325 [5.30e-01, 4.91e-01]
1326 [5.30e-01, 4.91e-01]
1327 [5.30e-01, 4.91e-01]
1328 [5.30e-01, 4.91e-01]
1329 [5.30e-01, 4.91e-01]
1330 [5.30e-01, 4.91e-01]
1331 [5.30e-01, 4.91e-01]
1332 [5.30e-01, 4.91e-01]
1333 [5.30e-01, 4.91e-01]
1334 [5.30e-01, 4.91e-01]
1335 [5.30e-01, 4.91e-01]
1336 [5.30e-01, 4.91e-01]
1337 [5.30e-01, 4.91e-01]
1338 [5.30e-01, 4.91e-01]
1339 [5.30e-01, 4.91e-01]
1340 [5.30e-01, 4.91e-01]
1341 [5.30e-01, 4.91e-01]
1342 [5.30e-01, 4.91e-01]
1343 [5.30e-01, 4.91e-01]
1344 [5.30e-01, 4.91e-01]
1345 [5.30e-01, 4.91e-01]
1346 [5.30e-01, 4.91e-01]
1347 [5.30e-01, 4.91e-01]
1348 [5.30e-01, 4.91e-01]
1349 [5.30e-01, 4.91e-01]
1350 [5.30e-01, 4.91e-01]
1351 [5.30e-01, 4.91e-01]
1352 [5.30e-01, 4.91e-01]
1353 [5.30e-01, 4.91e-01]
1354 [5.30e-01, 4.91e-01]
1355 [5.30e-01, 4.91e-01]
1356 [5.30e-01, 4.91e-01]
1357 [5.30e-01, 4.91e-01]
1358 [5.30e-01, 4.91e-01]
1359 [5.30e-01, 4.91e-01]
1360 [5.30e-01, 4.91e-01]
1361 [5.31e-01, 4.91e-01]
1362 [5.31e-01, 4.91e-01]
1363 [5.31e-01, 4.91e-01]
1364 [5.31e-01, 4.91e-01]
1365 [5.31e-01, 4.91e-01]
1366 [5.31e-01, 4.91e-01]
1367 [5.31e-01, 4.91e-01]
1368 [5.31e-01, 4.91e-01]
1369 [5.31e-01, 4.91e-01]
1370 [5.31e-01, 4.91e-01]
1371 [5.31e-01, 4.91e-01]
1372 [5.31e-01, 4.91e-01]
1373 [5.31e-01, 4.91e-01]
1374 [5.31e-01, 4.91e-01]
1375 [5.31e-01, 4.91e-01]
1376 [5.31e-01, 4.91e-01]
1377 [5.31e-01, 4.91e-01]
1378 [5.31e-01, 4.91e-01]
1379 [5.31e-01, 4.91e-01]
1380 [5.31e-01, 4.91e-01]
1381 [5.31e-01, 4.91e-01]
1382 [5.31e-01, 4.91e-01]
1383 [5.31e-01, 4.91e-01]
1384 [5.31e-01, 4.91e-01]
1385 [5.31e-01, 4.91e-01]
1386 [5.31e-01, 4.91e-01]
1387 [5.31e-01, 4.91e-01]
1388 [5.31e-01, 4.91e-01]
1389 [5.31e-01, 4.91e-01]
1390 [5.31e-01, 4.91e-01]
1391 [5.31e-01, 4.91e-01]
1392 [5.31e-01, 4.91e-01]
1393 [5.31e-01, 4.91e-01]
1394 [5.31e-01, 4.91e-01]
1395 [5.31e-01, 4.91e-01]
1396 [5.31e-01, 4.91e-01]
1397 [5.31e-01, 4.91e-01]
1398 [5.31e-01, 4.91e-01]
1399 [5.31e-01, 4.91e-01]
1400 [5.31e-01, 4.91e-01]
1401 [5.31e-01, 4.91e-01]
1402 [5.31e-01, 4.91e-01]
1403 [5.31e-01, 4.91e-01]
1404 [5.31e-01, 4.91e-01]
1405 [5.31e-01, 4.91e-01]
1406 [5.31e-01, 4.91e-01]
1407 [5.31e-01, 4.91e-01]
1408 [5.31e-01, 4.91e-01]
1409 [5.31e-01, 4.91e-01]
1410 [5.31e-01, 4.91e-01]
1411 [5.31e-01, 4.91e-01]
1412 [5.31e-01, 4.91e-01]
1413 [5.31e-01, 4.91e-01]
1414 [5.31e-01, 4.91e-01]
1415 [5.31e-01, 4.91e-01]
1416 [5.31e-01, 4.91e-01]
1417 [5.31e-01, 4.91e-01]
1418 [5.31e-01, 4.91e-01]
1419 [5.31e-01, 4.91e-01]
1420 [5.31e-01, 4.91e-01]
1421 [5.31e-01, 4.91e-01]
1422 [5.31e-01, 4.91e-01]
1423 [5.31e-01, 4.91e-01]
1424 [5.31e-01, 4.91e-01]
1425 [5.31e-01, 4.91e-01]
1426 [5.31e-01, 4.91e-01]
1427 [5.31e-01, 4.91e-01]
1428 [5.31e-01, 4.91e-01]
1429 [5.31e-01, 4.91e-01]
1430 [5.31e-01, 4.91e-01]
1431 [5.31e-01, 4.91e-01]
1432 [5.31e-01, 4.91e-01]
1433 [5.31e-01, 4.91e-01]
1434 [5.31e-01, 4.91e-01]
1435 [5.31e-01, 4.91e-01]
1436 [5.31e-01, 4.91e-01]
1437 [5.31e-01, 4.91e-01]
1438 [5.31e-01, 4.91e-01]
1439 [5.31e-01, 4.91e-01]
1440 [5.31e-01, 4.91e-01]
1441 [5.31e-01, 4.91e-01]
1442 [5.31e-01, 4.91e-01]
1443 [5.31e-01, 4.91e-01]
1444 [5.31e-01, 4.91e-01]
1445 [5.31e-01, 4.91e-01]
1446 [5.31e-01, 4.91e-01]
1447 [5.31e-01, 4.91e-01]
1448 [5.31e-01, 4.91e-01]
1449 [5.31e-01, 4.91e-01]
1450 [5.31e-01, 4.91e-01]
1451 [5.31e-01, 4.91e-01]
1452 [5.31e-01, 4.91e-01]
1453 [5.31e-01, 4.91e-01]
1454 [5.31e-01, 4.91e-01]
1455 [5.31e-01, 4.91e-01]
1456 [5.31e-01, 4.91e-01]
1457 [5.31e-01, 4.91e-01]
1458 [5.31e-01, 4.91e-01]
1459 [5.31e-01, 4.91e-01]
1460 [5.31e-01, 4.91e-01]
1461 [5.31e-01, 4.91e-01]
1462 [5.31e-01, 4.91e-01]
1463 [5.31e-01, 4.91e-01]
1464 [5.31e-01, 4.90e-01]
1465 [5.31e-01, 4.90e-01]
1466 [5.31e-01, 4.90e-01]
1467 [5.31e-01, 4.90e-01]
1468 [5.31e-01, 4.90e-01]
1469 [5.31e-01, 4.90e-01]
1470 [5.31e-01, 4.90e-01]
1471 [5.31e-01, 4.90e-01]
1472 [5.31e-01, 4.90e-01]
1473 [5.31e-01, 4.90e-01]
1474 [5.31e-01, 4.90e-01]
1475 [5.31e-01, 4.90e-01]
1476 [5.31e-01, 4.90e-01]
1477 [5.31e-01, 4.90e-01]
1478 [5.31e-01, 4.90e-01]
1479 [5.31e-01, 4.90e-01]
1480 [5.31e-01, 4.90e-01]
1481 [5.31e-01, 4.90e-01]
1482 [5.31e-01, 4.90e-01]
1483 [5.31e-01, 4.90e-01]
1484 [5.31e-01, 4.90e-01]
1485 [5.31e-01, 4.90e-01]
1486 [5.31e-01, 4.90e-01]
1487 [5.31e-01, 4.90e-01]
1488 [5.31e-01, 4.90e-01]
1489 [5.31e-01, 4.90e-01]
1490 [5.31e-01, 4.90e-01]
1491 [5.31e-01, 4.90e-01]
1492 [5.31e-01, 4.90e-01]
1493 [5.31e-01, 4.90e-01]
1494 [5.31e-01, 4.90e-01]
1495 [5.31e-01, 4.90e-01]
1496 [5.31e-01, 4.90e-01]
1497 [5.31e-01, 4.90e-01]
1498 [5.31e-01, 4.90e-01]
1499 [5.31e-01, 4.90e-01]
1500 [5.31e-01, 4.90e-01]
1501 [5.31e-01, 4.90e-01]
1502 [5.31e-01, 4.90e-01]
1503 [5.31e-01, 4.90e-01]
1504 [5.31e-01, 4.90e-01]
1505 [5.31e-01, 4.90e-01]
1506 [5.31e-01, 4.90e-01]
1507 [5.31e-01, 4.90e-01]
1508 [5.31e-01, 4.90e-01]
1509 [5.31e-01, 4.90e-01]
1510 [5.31e-01, 4.90e-01]
1511 [5.31e-01, 4.90e-01]
1512 [5.31e-01, 4.90e-01]
1513 [5.31e-01, 4.90e-01]
1514 [5.31e-01, 4.90e-01]
1515 [5.31e-01, 4.90e-01]
1516 [5.31e-01, 4.90e-01]
1517 [5.31e-01, 4.90e-01]
1518 [5.31e-01, 4.90e-01]
1519 [5.31e-01, 4.90e-01]
1520 [5.31e-01, 4.90e-01]
1521 [5.31e-01, 4.90e-01]
1522 [5.31e-01, 4.90e-01]
1523 [5.31e-01, 4.90e-01]
1524 [5.31e-01, 4.90e-01]
1525 [5.31e-01, 4.90e-01]
1526 [5.31e-01, 4.90e-01]
1527 [5.32e-01, 4.90e-01]
1528 [5.32e-01, 4.90e-01]
1529 [5.32e-01, 4.90e-01]
1530 [5.32e-01, 4.90e-01]
1531 [5.32e-01, 4.90e-01]
1532 [5.32e-01, 4.90e-01]
1533 [5.32e-01, 4.90e-01]
1534 [5.32e-01, 4.90e-01]
1535 [5.32e-01, 4.90e-01]
1536 [5.32e-01, 4.90e-01]
1537 [5.32e-01, 4.90e-01]
1538 [5.32e-01, 4.90e-01]
1539 [5.32e-01, 4.90e-01]
1540 [5.32e-01, 4.90e-01]
1541 [5.32e-01, 4.90e-01]
1542 [5.32e-01, 4.90e-01]
1543 [5.32e-01, 4.90e-01]
1544 [5.32e-01, 4.90e-01]
1545 [5.32e-01, 4.90e-01]
1546 [5.32e-01, 4.90e-01]
1547 [5.32e-01, 4.90e-01]
1548 [5.32e-01, 4.90e-01]
1549 [5.32e-01, 4.90e-01]
1550 [5.32e-01, 4.90e-01]
1551 [5.32e-01, 4.90e-01]
1552 [5.32e-01, 4.90e-01]
1553 [5.32e-01, 4.90e-01]
1554 [5.32e-01, 4.90e-01]
1555 [5.32e-01, 4.90e-01]
1556 [5.32e-01, 4.90e-01]
1557 [5.32e-01, 4.90e-01]
1558 [5.32e-01, 4.90e-01]
1559 [5.32e-01, 4.90e-01]
1560 [5.32e-01, 4.90e-01]
1561 [5.32e-01, 4.90e-01]
1562 [5.32e-01, 4.90e-01]
1563 [5.32e-01, 4.90e-01]
1564 [5.32e-01, 4.90e-01]
1565 [5.32e-01, 4.90e-01]
1566 [5.32e-01, 4.90e-01]
1567 [5.32e-01, 4.90e-01]
1568 [5.32e-01, 4.90e-01]
1569 [5.32e-01, 4.90e-01]
1570 [5.32e-01, 4.90e-01]
1571 [5.32e-01, 4.90e-01]
1572 [5.32e-01, 4.90e-01]
1573 [5.32e-01, 4.90e-01]
1574 [5.32e-01, 4.90e-01]
1575 [5.32e-01, 4.90e-01]
1576 [5.32e-01, 4.90e-01]
1577 [5.32e-01, 4.90e-01]
1578 [5.32e-01, 4.90e-01]
1579 [5.32e-01, 4.90e-01]
1580 [5.32e-01, 4.90e-01]
1581 [5.32e-01, 4.90e-01]
1582 [5.32e-01, 4.90e-01]
1583 [5.32e-01, 4.90e-01]
1584 [5.32e-01, 4.90e-01]
1585 [5.32e-01, 4.90e-01]
1586 [5.32e-01, 4.90e-01]
1587 [5.32e-01, 4.90e-01]
1588 [5.32e-01, 4.90e-01]
1589 [5.32e-01, 4.90e-01]
1590 [5.32e-01, 4.90e-01]
1591 [5.32e-01, 4.90e-01]
1592 [5.32e-01, 4.90e-01]
1593 [5.32e-01, 4.90e-01]
1594 [5.32e-01, 4.90e-01]
1595 [5.32e-01, 4.90e-01]
1596 [5.32e-01, 4.90e-01]
1597 [5.32e-01, 4.90e-01]
1598 [5.32e-01, 4.90e-01]
1599 [5.32e-01, 4.90e-01]
1600 [5.32e-01, 4.90e-01]
1601 [5.32e-01, 4.90e-01]
1602 [5.32e-01, 4.90e-01]
1603 [5.32e-01, 4.90e-01]
1604 [5.32e-01, 4.90e-01]
1605 [5.32e-01, 4.90e-01]
1606 [5.32e-01, 4.90e-01]
1607 [5.32e-01, 4.90e-01]
1608 [5.32e-01, 4.90e-01]
